32.59775269444444 -85.29804842777777
32.59775268055556 -85.29804988333333
32.59775400833333 -85.29817208055556
32.59775358611111 -85.29830316388889
32.59775236944445 -85.29843345833334
32.59775061666667 -85.29856511666667
32.5977487 -85.29869426944444
32.59774655 -85.29882326111111
32.59774430277778 -85.29895729722222
32.59774200277778 -85.29909351388889
32.59773963055556 -85.29923036388888
32.59773738611111 -85.29936675833333
32.59773503055555 -85.29950306388889
32.59773225277778 -85.29966064722223
32.59773038611112 -85.29978070277778
32.59772810277778 -85.29991038888889
32.59772579722222 -85.30003861944444
32.59772334722223 -85.30016558055556
32.59772117222222 -85.30029771944444
32.5977189 -85.30042490833333
32.59771672500001 -85.30055384166667
32.59771448611112 -85.30068349722222
32.59771152777778 -85.30081495
32.59771131111111 -85.30081494722222
32.59770917222222 -85.30093696388889
32.59770710555556 -85.30106539166667
32.59770476944445 -85.30119733055555
32.59770259166667 -85.30132490555555
32.59770063611111 -85.30145620555555
32.59769825555556 -85.30158596388888
32.59769572222223 -85.30171711388888
32.597694375 -85.30184828888889
32.59769439166667 -85.30184835
32.59769452222223 -85.30184850277777
32.597692225 -85.30197659166666
32.59769002222222 -85.30210678055555
32.59768779166667 -85.30223705277777
32.59768575277778 -85.30236549999999
32.59768338055556 -85.30249692222222
32.59768099722223 -85.30262649166666
32.59767873055556 -85.30275643333333
32.59767636944445 -85.302893575
32.59767397777778 -85.30302710277778
32.59767167777778 -85.3031644
32.59766932777778 -85.30330036944444
32.59766702222223 -85.30343703888889
32.59766703888889 -85.30343717222222
32.59766468611112 -85.30357428888888
32.59766259444444 -85.30369192222221
32.59766062222222 -85.30380861944444
32.59766058333334 -85.30380861944444
32.59765870833333 -85.30392566388889
32.5976587 -85.30392568888888
32.59765664444445 -85.30404240555555
32.59765472777778 -85.30415941111112
32.59765256944445 -85.30428491388889
32.59765014166667 -85.30441472222222
32.59764769444445 -85.30454563888888
32.59764546111111 -85.30467512222222
32.597643275 -85.30480565833334
32.59764100555556 -85.30493652777777
32.59763873333333 -85.30506415277777
32.59763870555556 -85.30506418333333
32.59763664444445 -85.30519464166666
32.59763449166667 -85.30532553888888
32.59763231111111 -85.30545596111111
32.597630175 -85.30558560833333
32.59762790555556 -85.30572176666666
32.59762551666667 -85.30585751388888
32.59762300833334 -85.30599886111111
32.59762070277778 -85.30613345555555
32.59761864444445 -85.30626652777778
32.59761681111112 -85.30638332222222
32.59761484444444 -85.30650154166666
32.59761265833333 -85.30661896666666
32.59761048611112 -85.30673559722221
32.59760722777778 -85.30689410555556
32.59760409166667 -85.30702716666666
32.59759969166667 -85.3071558861111
32.59759303333333 -85.30728409166666
32.59758245833333 -85.30741310277777
32.59758264166667 -85.30741329999999
32.59756991388889 -85.30753136666667
32.59755306388889 -85.30765777777778
32.59753124722222 -85.3077834111111
32.59750266666667 -85.30790625
32.59746652222223 -85.30802583055555
32.59742873611111 -85.30812897222222
32.59738536944445 -85.30822853055555
32.59733457777778 -85.30832545
32.59727874166667 -85.3084153111111
32.59721637777778 -85.308502025
32.59714775833334 -85.30858364444444
32.59707461111111 -85.30865741111111
32.59699780277778 -85.30872439444444
32.59691843333334 -85.30878431666666
32.59683220277778 -85.30883821944444
32.59683221111111 -85.30883828055555
32.59674664722223 -85.308882
32.59665638055556 -85.30891865277778
32.59656318611111 -85.30894866388888
32.596468025 -85.3089700861111
32.59637352222222 -85.30898220555555
32.59627795 -85.30898584166667
32.59620259722222 -85.30898255555556
32.59612963611112 -85.30897434166667
32.59602315555556 -85.30895345555555
32.59591495833334 -85.30892090555555
32.59591491388889 -85.30892083611111
32.59581658888889 -85.30888135833332
32.59571899166667 -85.308831075
32.595625875 -85.3087706861111
32.5955369 -85.3087012
32.59545246944445 -85.30862214999999
32.59537545833334 -85.30853671944445
32.59530374166667 -85.30844267777778
32.59530371388889 -85.30844263888889
32.59523821944445 -85.30833928888889
32.595182575 -85.30823637777777
32.59518256666667 -85.30823635277777
32.59513278333333 -85.30812284166666
32.59509086944445 -85.30800638888888
32.59505677222222 -85.30788572777777
32.59505679166667 -85.30788571666666
32.59503017777778 -85.30776315
32.59501009722222 -85.30763607777777
32.59499630277778 -85.30751018888888
32.59498697777778 -85.30738158611111
32.59498103055556 -85.30725398333333
32.59497803333333 -85.30713105555556
32.59497749722222 -85.30699865555555
32.59497837777778 -85.30686768055556
32.59497951388889 -85.30673386944444
32.59498124166667 -85.30660458611111
32.59498321944444 -85.30647468333333
32.594985125 -85.30634533611111
32.59498712222222 -85.30621874722222
32.59498916111112 -85.30609205
32.59499124166667 -85.30596401944445
32.59499321111112 -85.30583834722222
32.59499321111112 -85.30583832777778
32.59499310833333 -85.30583833611111
32.59499517222223 -85.30571190277777
32.59499736944445 -85.30558105555555
32.59500021666667 -85.30541716111111
32.59500214444445 -85.30530062222222
32.59500431111111 -85.30518283611111
32.59500623333334 -85.30506492222221
32.59500820555556 -85.30494867222222
32.59501100555556 -85.30479168888888
32.595013325 -85.30466138888889
32.59501558611111 -85.30453187777778
32.59501786111112 -85.30440268055555
32.59501989444445 -85.30427503888889
32.595022125 -85.30414494999999
32.5950244 -85.30401443055555
32.59502667777778 -85.30388669999999
32.59502901666667 -85.303756425
32.59503128055556 -85.30362555833334
32.59503355 -85.303497025
32.59503577222223 -85.30336663888889
32.59503793055556 -85.30323728888888
32.59504033611111 -85.30310589444444
32.59504010555555 -85.30310574722222
32.59504241666667 -85.30297763333333
32.59504461388889 -85.30284833055555
32.59504455277778 -85.30284811944445
32.595046825 -85.3027182861111
32.59504909722222 -85.30258675555555
32.59505136388889 -85.30245596111111
32.59505360555556 -85.30232683611111
32.59505581111112 -85.302197525
32.5950581 -85.30206628055555
32.59506035 -85.30193872222222
32.59506259444445 -85.30180668333333
32.59506505555556 -85.30167558333333
32.59506731666667 -85.30154718611111
32.5950695 -85.30141800555555
32.59507178055556 -85.30128896944444
32.5950738 -85.30115781944444
32.59507635 -85.30102981111111
32.59507858333333 -85.300899675
32.59508076666667 -85.30076999722222
32.5950831 -85.30063909444443
32.59508526944445 -85.30051144444444
32.59508758055556 -85.30038016666667
32.59508971666667 -85.30025103611111
32.59509191666667 -85.30012105277777
32.59509180555555 -85.30012094999999
32.59509414444445 -85.29999014166667
32.59509616666667 -85.29986112499999
32.59509851666667 -85.2997309361111
32.59510068055556 -85.29960781388888
32.59510273055556 -85.29948376666667
32.59510478888889 -85.29936218611111
32.595107025 -85.29923738055555
32.59510894722222 -85.29911426111111
32.595111775 -85.298952125
32.59511421944445 -85.29881998888888
32.59511686944445 -85.29868903611111
32.59511961388889 -85.29856175555555
32.59512520833334 -85.298348925
32.59512857222222 -85.29821678611111
32.59513279722223 -85.298087025
32.59513847777778 -85.29795837222223
32.59514650833334 -85.29783197499999
32.59515741944445 -85.29770723611111
32.59517375277778 -85.29758033055555
32.59519575 -85.29745279166667
32.595221475 -85.29732967222222
32.59525402222222 -85.297208125
32.59525403611111 -85.29720806666667
32.59529539444445 -85.29709413055555
32.59534640277778 -85.29698051666666
32.59540294722223 -85.29687376111112
32.59546923611111 -85.29676973333333
32.59553921111112 -85.29667941666666
32.59561825555556 -85.29659195833334
32.5957011 -85.29651344722222
32.59578966388889 -85.29644337777778
32.59588028888889 -85.29638498055556
32.59598041944444 -85.29633241388889
32.59607734166667 -85.29629215833333
32.59617626944445 -85.29626171388888
32.59627703888889 -85.29623972222223
32.59627707777778 -85.296239775
32.59637889722222 -85.29622844166667
32.59648146944445 -85.29622720277777
32.59658320555556 -85.29623466944444
32.59668541111111 -85.29625265277778
32.59678498888889 -85.296279875
32.59688147222222 -85.29631587222222
32.59697600000001 -85.29636232777777
32.59706733333334 -85.29641658888889
32.59715394722222 -85.29647876388889
32.59723791944445 -85.29655119166667
32.59731586666667 -85.29663019444445
32.59738745 -85.296715925
32.5974439 -85.29679484166667
32.597489725 -85.29686730555555
32.59754792777778 -85.29697419444445
32.59754816666667 -85.29697482222223
32.59759726388889 -85.29708308888888
32.59763735277778 -85.29719736666667
32.59766878333333 -85.29730652777778
32.59769711944445 -85.297433775
32.59771813611111 -85.29755830277777
32.59773245555556 -85.29767835
32.59774238055556 -85.29780005833334
32.59774915277778 -85.29792578611111
