32.59767283888889 -85.30689669444445
32.59766985555556 -85.30703024722222
32.59766702777778 -85.30715941111112
32.59766306111111 -85.30728986666666
32.59765593055556 -85.30742240833332
32.59765588888889 -85.307422425
32.59764514166667 -85.30754421111111
32.59764516944445 -85.30754443888888
32.59762805277778 -85.30767529166667
32.59760479166667 -85.30780512777777
32.59757429444445 -85.30793381111111
32.59753597222223 -85.30805924444444
32.59753600833334 -85.30805929444445
32.59749606388889 -85.30816828888888
32.59745037777778 -85.30827363888889
32.59739633333334 -85.30837653888888
32.59733658888889 -85.30847151388889
32.59733636666667 -85.30847137777778
32.59727053611111 -85.30856152777777
32.59719752222222 -85.30864787777777
32.59719747777778 -85.30864784444444
32.59712184722223 -85.30872535833333
32.59703995833333 -85.30879781388889
32.59695489166667 -85.30886178055555
32.59686413888889 -85.30891865833333
32.59677301111111 -85.30896548888889
32.59667573888889 -85.30900488888889
32.59657846944445 -85.30903545
32.596479875 -85.30905811111111
32.59637766388889 -85.3090720361111
32.59627747777778 -85.30907579166666
32.59619699166667 -85.30907206111111
32.59611753888889 -85.30906281944443
32.596117525 -85.30906287222221
32.59600734722223 -85.30904087499999
32.59589302777778 -85.30900716666666
32.595789375 -85.30896504722222
32.59568526944444 -85.30891095277778
32.59558499722223 -85.3088463
32.59549153611111 -85.30877254444444
32.59540310277778 -85.30868928055556
32.59532115833333 -85.30859823611111
32.59524435 -85.30849794444444
32.59517556944445 -85.30839115833334
32.59511561111111 -85.30827878888888
32.59506354444445 -85.30816065833334
32.59506338888889 -85.30816018055555
32.59501953611112 -85.30803633888888
32.5949832 -85.30791077222221
32.59495514444445 -85.30778062499999
32.59493542222222 -85.30764782777777
32.59492252222223 -85.30751741388889
32.59491425277778 -85.30738708888889
32.594909725 -85.30725478888888
32.594908825 -85.30712723888888
32.59490945277778 -85.30699453055556
32.594911475 -85.30686331944445
32.59491389166667 -85.30672871111111
32.59491634722222 -85.30660041388889
32.59491847222223 -85.306470475
32.59492060833333 -85.30634135833333
32.594922525 -85.3062138611111
32.59492449722222 -85.30608787222222
32.59492684444444 -85.30596029166666
32.5949271001 -85.3059441955
32.59492893611112 -85.305833425
32.5949290919 -85.30581945180001
32.5949311 -85.30570766944444
32.5949312028 -85.3056924572
32.59493344444445 -85.30557636111111
32.5949336887 -85.3055644146
32.59493633611111 -85.30541242222222
32.5949366608 -85.30539841949999
32.59493821666667 -85.30529596666666
32.5949387342 -85.3052809774
32.59494018888889 -85.305178875
32.5949407052 -85.30516225380001
32.59494221111111 -85.30506082222222
32.5949427854 -85.30504381830001
32.59494424444445 -85.30494545277777
32.5949443273 -85.3049305774
32.59494671111111 -85.30478807222222
32.5949471409 -85.3047755918
32.59494894444445 -85.30465834444445
32.5949493217 -85.3046453203
32.5949518064 -85.304517405
32.59495354722223 -85.30439991944444
32.5949537719 -85.3043873216
32.59495575 -85.30427103888888
32.59495583333334 -85.30427101944444
32.5949562841 -85.3042602733
32.59495787222222 -85.30414183333333
32.5949578181 -85.3041226097
32.59495988611111 -85.30401155277778
32.5949599008 -85.30399881859999
32.59496209722222 -85.30388287777778
32.5949620067 -85.30387179509999
32.59496439166667 -85.30375327777777
32.5949647386 -85.3037406199
32.59496657777778 -85.30362319444444
32.5949662496 -85.3036120387
32.59496883333333 -85.30349299444444
32.5949693501 -85.3034797434
32.5949708997 -85.303347316
32.5949736511 -85.3032200321
32.59497501388889 -85.30310321111111
32.5949754716 -85.3030918827
32.59497716944445 -85.30297494722222
32.5949774337 -85.3029644114
32.59497931388889 -85.30284345833333
32.5949789655 -85.3028279855
32.59498144444445 -85.30271530833333
32.5949817543 -85.3027019929
32.59498378888889 -85.30258468333334
32.5949842624 -85.30257323079999
32.59498605555556 -85.30245349166667
32.594986456 -85.30243766380001
32.59498838888889 -85.30232457777778
32.59498905 -85.30230350630001
32.59499058611112 -85.30219412222222
32.5949910456 -85.3021731061
32.59499283333334 -85.30206386944444
32.5949932264 -85.3020452104
32.59499513888889 -85.30193518888889
32.5949956282 -85.3019175912
32.5949974 -85.30180498333333
32.5949977852 -85.30178702880001
32.594999929 -85.3016570067
32.59500167777778 -85.30154489444445
32.5950023484 -85.3015247054
32.595004 -85.30141437499999
32.5950043832 -85.3014003421
32.59500631944444 -85.30128573055555
32.5950066742 -85.3012669682
32.59500855833333 -85.30115562499999
32.59500851666667 -85.30115551944444
32.5950090112 -85.30113776269999
32.59501078333334 -85.30102664722222
32.5950111804 -85.3010082781
32.59501305277778 -85.30089649999999
32.595013585 -85.30087508610001
32.59501530833334 -85.30076663055556
32.5950157229 -85.3007467099
32.59501751944445 -85.30063704722222
32.5950177975 -85.3006212059
32.59501973888889 -85.30050806388888
32.5950198894 -85.3004918614
32.59502193055556 -85.30037656666667
32.5950222092 -85.3003608466
32.59502416388889 -85.30024757777778
32.5950245823 -85.3002305948
32.59502643888889 -85.30011822777777
32.5950269901 -85.30009823970001
32.59502884166667 -85.29998746388888
32.5950292403 -85.2999688754
32.5950314087 -85.29984093829999
32.59503329166667 -85.29972716666667
32.5950336684 -85.2997094505
32.59503543888889 -85.29960465555556
32.5950358063 -85.29958614740001
32.59503763611112 -85.29948057222222
32.5950379979 -85.2994636393
32.59503960277778 -85.29935841666666
32.5950401912 -85.2993422998
32.59504151111111 -85.29923544722222
32.5950421647 -85.2992161775
32.59504362777778 -85.29911088611111
32.5950441723 -85.2990922613
32.59504598611112 -85.29894894166667
32.5950462526 -85.2989338622
32.59504782222223 -85.29881584722222
32.5950480978 -85.2987992764
32.5950498541 -85.2986669909
32.59505125555556 -85.29855759722221
32.5950514875 -85.2985427341
32.595052969 -85.298438565
32.59505428333333 -85.29834531944444
32.5950544494 -85.298323385
32.59505635277778 -85.29821166944444
32.5950565245 -85.2981949883
32.59505862222223 -85.29808204444444
32.5950590802 -85.2980655689
32.59506308888889 -85.29795102222222
32.5950637013 -85.29793378399999
32.59507076944445 -85.29782150833333
32.5950720289 -85.2978035867
32.59508215277778 -85.29769343055555
32.5950840601 -85.29767359420001
32.59509890833333 -85.29756165277777
32.5951016123 -85.2975428447
32.59512054722222 -85.29743199166667
32.5951234798 -85.297417103
32.59514791666667 -85.29730340277777
32.5951515914 -85.29728846890001
32.59518319722223 -85.29717646388889
32.5951886656 -85.29716015050001
32.59522795833333 -85.29705265555555
32.5952334989 -85.2970383661
32.59528073333333 -85.29693352222222
32.5952884893 -85.2969174648
32.59534018055556 -85.29682232222223
32.5953473617 -85.296810143
32.59541206944445 -85.29671158055555
32.5954200498 -85.2967005693
32.59548603333334 -85.29661606944444
32.595496961 -85.2966028845
32.59556866666667 -85.29652411111111
32.5955777587 -85.29651458950001
32.59565716388889 -85.29644071666667
32.5956686341 -85.29643069940001
32.59575205277778 -85.29636716666667
32.5957616506 -85.29635995300001
32.59584788333333 -85.29630534722222
32.595861224 -85.2962974101
32.59595333333333 -85.29624973055556
32.5959666542 -85.2962434258
32.59605757222222 -85.29620676111111
32.5960699662 -85.2962022286
32.59616095277778 -85.29617423611111
32.5961753733 -85.29617022470001
32.59626755277778 -85.29615108333333
32.5962849003 -85.296148492
32.59637419722223 -85.29613881944444
32.5963915487 -85.2961376474
32.59648343611111 -85.29613665555556
32.5964978105 -85.29613727820001
32.596592675 -85.29614564444444
32.5966074278 -85.2961478637
32.59670074722222 -85.29616476111111
32.5967149751 -85.296167989
32.59680549444445 -85.29619237777777
32.59680549722223 -85.29619240555556
32.5968191065 -85.2961963863
32.596909625 -85.29623074166666
32.5969254633 -85.29623738719999
32.59700970555556 -85.29627932222222
32.5970218161 -85.29628567570001
32.59710682777778 -85.29633834444444
32.5971216084 -85.2963484023
32.59719888055556 -85.29640626666666
32.59721169 -85.2964164198
32.59728631944445 -85.29648158888888
32.5972979291 -85.29649235559999
32.59736820555556 -85.29656428333332
32.5973785565 -85.29657567690001
32.5974535728 -85.2966683221
32.5975143268 -85.2967560517
32.59755207777778 -85.29681721944445
32.5975605595 -85.29683146559999
32.597612975 -85.29692942222222
32.597621979 -85.2969475726
32.59766571666667 -85.297047725
32.5976723535 -85.29706368070001
32.5977143171 -85.2971835916
32.597745959 -85.29729854209999
32.5977749074 -85.2974334777
32.5977943164 -85.2975517687
32.5978082762 -85.2976681392
32.5978193708 -85.29780526810001
32.5978243294 -85.297932214
32.5978252095 -85.2980663603
32.5978230297 -85.29818870859999
32.5978211389 -85.29832022239999
32.59781914722222 -85.29843488055555
32.5978180598 -85.2984522734
32.59781671111111 -85.29856605277777
32.597816475 -85.2985811768
32.59781442222222 -85.29869595555556
32.5978138671 -85.2987082791
32.59781222222222 -85.29882552777778
32.5978116475 -85.2988418148
32.59780996944445 -85.29895944722222
32.5978098005 -85.2989740945
32.59780763888889 -85.29909664722221
32.5978073742 -85.2991098703
32.59780540833334 -85.29923355
32.5978051185 -85.2992478331
32.59780311944445 -85.29936977222222
32.5978025588 -85.2993850836
32.59780064722222 -85.29950649166666
32.5978004209 -85.299523769
32.59779745277778 -85.29966337499999
32.5977971492 -85.2996727803
32.59779541388889 -85.29978382222222
32.5977953106 -85.2997957627
32.59779305 -85.29991350277777
32.5977928552 -85.2999290221
32.59779083055556 -85.30004133055556
32.5977905544 -85.30005628630001
32.59778873611111 -85.30016845277777
32.5977884587 -85.30018951789999
32.59778643888889 -85.30029898888888
32.5977863171 -85.30031234640001
32.59778426388889 -85.30042708611111
32.5977843139 -85.30044088299999
32.5977822386 -85.30057003029999
32.5977796907 -85.300691343
32.5977774329 -85.30083232219999
32.5977753579 -85.3009533195
32.59777328888889 -85.30106864166666
32.5977733733 -85.3010844806
32.59777099444445 -85.30119922499999
32.5977707191 -85.30121480850001
32.59776887222223 -85.30132714444444
32.5977685624 -85.3013486441
32.59776676666667 -85.3014588111111
32.5977665978 -85.3014785804
32.59776448333334 -85.30158843888888
32.5977643812 -85.30160700730001
32.59776243888889 -85.3017198361111
32.5977620897 -85.3017369435
32.59776041944445 -85.30184910555555
32.5977599247 -85.30186657039999
32.59775801944445 -85.30197897222222
32.5977581272 -85.3019933155
32.597755775 -85.30211027777777
32.5977554842 -85.3021307617
32.59775370833334 -85.30224002777777
32.5977536241 -85.30225246009999
32.59775170277778 -85.30236841388889
32.5977517267 -85.30238972150001
32.59774954722222 -85.30249938055556
32.597749247 -85.302511329
32.59774738888889 -85.30262928333333
32.5977471785 -85.30264159550001
32.59774519722222 -85.30275969166667
32.5977453004 -85.30278051579999
32.59774288055556 -85.30289598055555
32.5977426927 -85.3029125204
32.59774073611111 -85.3030307611111
32.5977421106 -85.3030486489
32.59773843611111 -85.303166425
32.5977393742 -85.303187012
32.59773617777778 -85.30330303888888
32.5977374205 -85.3033194863
32.59773353333333 -85.30343955277777
32.5977339946 -85.3034564263
32.59773100555556 -85.30357617777777
32.597730649 -85.30359234239999
32.59772876388889 -85.30369399444444
32.597728367 -85.3037146403
32.59772657222222 -85.30381194722221
32.5977262603 -85.3038279454
32.59772453888889 -85.30392877222222
32.5977225 -85.30404519166666
32.59772255 -85.30404527777777
32.59772076944445 -85.30416170833333
32.59771880555556 -85.30428764444444
32.59771662777778 -85.30441775277778
32.59771443333334 -85.30454777777777
32.59771231388889 -85.30467768055556
32.59771036944445 -85.30480759166666
32.59770811388889 -85.30493821111111
32.59770596388889 -85.3050662361111
32.59770380555556 -85.30519712499999
32.59770157777778 -85.30532596111111
32.59769945833334 -85.30545780833333
32.59769737222222 -85.30558856944444
32.59769506388889 -85.30572333055555
32.59769271944445 -85.305859625
32.59769003055555 -85.3060020611111
32.59768743333333 -85.30613583055555
32.59768492222222 -85.30626989166666
32.59768278055556 -85.3063871611111
32.59768070277778 -85.30650442222222
32.59768065833334 -85.30650451666666
32.59767837222223 -85.30662229722222
32.59767595 -85.30673902222222
