32.59778355833333 -85.29843432222222
32.597783281 -85.2984508909
32.5977819916 -85.2985822242
32.5977799721 -85.2987119724
32.5977781693 -85.29883997970001
32.5977758751 -85.2989741566
32.59777373333333 -85.29909582499999
32.597773734 -85.29911097980001
32.59777158055556 -85.29923212222222
32.5977718153 -85.2992484472
32.59776952777778 -85.29936866944445
32.5977698604 -85.29938399940001
32.59776738055556 -85.29950488611111
32.5977672993 -85.2995228984
32.59776501944445 -85.29966204166666
32.5977651466 -85.2996770972
32.59776310833334 -85.29978237222223
32.597763425 -85.29978246944444
32.5977631718 -85.299798022
32.5977610858 -85.2999273553
32.5977588218 -85.3000556305
32.5977565127 -85.3001826893
32.5977541443 -85.30031352899999
32.5977516378 -85.30044232980001
32.5977495291 -85.3005716378
32.5977474837 -85.30069833890001
32.5977450311 -85.30083334219999
32.5977434003 -85.30095439999999
32.59774098888889 -85.30106685277778
32.5977410081 -85.3010830358
32.59773859444444 -85.30119791944445
32.5977386399 -85.3012137315
32.59773653611111 -85.301325925
32.597736556 -85.3013424537
32.59773435555556 -85.30145744722222
32.5977345949 -85.301473219
32.59773187222223 -85.30158678888888
32.5977321123 -85.3016036862
32.59772973333334 -85.30171825555556
32.5977299751 -85.3017352797
32.59772748611111 -85.3018487611111
32.5977275877 -85.3018643824
32.59772539722223 -85.30197797777778
32.5977257065 -85.30199390369999
32.59772309722222 -85.30210821944443
32.5977232154 -85.3021252875
32.59772088333334 -85.30223826944444
32.5977210251 -85.3022544808
32.59771888333334 -85.30236746944445
32.5977188776 -85.3023838763
32.597716675 -85.30249769166666
32.5977166937 -85.3025133023
32.59771428333334 -85.30262759722221
32.59771431111111 -85.30262760833332
32.59771441944444 -85.30262763333333
32.5977145408 -85.3026439125
32.59771221944445 -85.30275765555555
32.597712387 -85.30277535570001
32.59770985 -85.30289421944444
32.59770966666667 -85.30289445833333
32.597709625 -85.30289446111111
32.5977098767 -85.30291021070001
32.59770731944445 -85.30302910555555
32.5977074983 -85.3030453784
32.59770492222223 -85.30316559722222
32.5977049314 -85.3031810693
32.59770248333334 -85.30330159166667
32.597702742 -85.3033165105
32.59770013611111 -85.30343843888889
32.5977002197 -85.30345348279999
32.59769776388889 -85.30357488055556
32.5976976894 -85.3035902939
32.59769551111111 -85.30369342222222
32.59769551944445 -85.30369346944444
32.59769557777778 -85.30369345833333
32.5976954453 -85.3037122181
32.59769343055556 -85.3038102
32.5976936213 -85.3038243908
32.59769141666667 -85.30392756388889
32.59768938333334 -85.30404406388888
32.59768932222222 -85.30404410833333
32.59768731666667 -85.30416125277777
32.597685225 -85.30428699166666
32.59768312777778 -85.30441705833333
32.59768084166667 -85.30454695
32.597678375 -85.30467710555556
32.59767856666667 -85.30467711944443
32.5976763 -85.30480714166666
32.59767426666667 -85.30493740277778
32.597672025 -85.30506572499999
32.59766988333334 -85.30519653888889
32.59766768333333 -85.30532612499999
32.59766543333333 -85.305457625
32.59766324166667 -85.30558770555555
32.59766098888889 -85.30572278055556
32.59765864166667 -85.30585971944444
32.59765626111111 -85.30600085
32.59765389722222 -85.30613565833333
32.59765186666667 -85.30626898055556
32.59764971388889 -85.30638582222223
32.59764763055556 -85.30650367222222
32.5976454 -85.30662063055556
32.59764301944445 -85.306737525
32.59763985277778 -85.30689612499999
32.59763707777778 -85.30702939166666
32.59763321944445 -85.307159
32.59762744166667 -85.30728792222222
32.59761866944444 -85.30741866944444
32.59760736666667 -85.30753881388888
32.59759066111111 -85.30766751944444
32.59756829722222 -85.30779496944444
32.59753867777778 -85.30792072777777
32.59750138055556 -85.30804318055556
32.59746278333333 -85.3081493
32.59741846666667 -85.30825268055555
32.59736586666667 -85.30835264166666
32.59730775000001 -85.30844465
32.59724324722222 -85.30853200277778
32.59717297222222 -85.30861588611111
32.59709867777778 -85.30869181666667
32.59701958611112 -85.30876228333334
32.59693692777778 -85.30882419722222
32.596848375 -85.30887974444444
32.59675993888889 -85.30892520833333
32.59666656944444 -85.3089630111111
32.59657110833334 -85.30899281388889
32.59647483055556 -85.30901514999999
32.596375675 -85.30902896666666
32.59627819166667 -85.30903294722222
32.59619944444444 -85.30902916944444
32.59612333888889 -85.30901981388888
32.59601463055556 -85.30899740555556
32.59590382777778 -85.3089642111111
32.59580263888889 -85.30892391111111
32.59570173055556 -85.30887181388889
32.59560458611111 -85.30880906111111
32.595513125 -85.30873720833333
32.59542681388889 -85.30865622499999
32.59534705277778 -85.30856837499999
32.59527281944445 -85.30847066666666
32.59520629444444 -85.30836563055556
32.59520626388889 -85.30836562499999
32.59514855833334 -85.308257125
32.59509770277778 -85.308141675
32.59505469444445 -85.30802159722222
32.59501935 -85.30789713611111
32.59499201388889 -85.30777094722222
32.59497180833333 -85.30764165555556
32.59495851111112 -85.30751408888888
32.59494914444445 -85.30738441666666
32.59494427222222 -85.30725451666666
32.59494288055556 -85.30712915277778
32.594942825 -85.30712907777777
32.59494369722223 -85.3069958611111
32.59494506111111 -85.30686528055556
32.59494699722222 -85.30673118333333
32.59494743888889 -85.30673071111111
32.59494898888889 -85.30660241666666
32.59495117500001 -85.30647257777777
32.59495348333333 -85.30634304722221
32.59495355 -85.30634301111111
32.59495351111111 -85.30634296111111
32.59496004166667 -85.30596221388889
32.5949604698 -85.3059449182
32.59496219166667 -85.30583635277777
32.594962501 -85.3058210124
32.59496421944445 -85.3057092611111
32.5949647038 -85.30569349300001
32.59496660833334 -85.30557818611111
32.5949670033 -85.30556337820001
32.59496914444445 -85.30541399166667
32.5949695249 -85.30539974929999
32.59497083333333 -85.30529778888888
32.5949713021 -85.30528141960001
32.59497300833333 -85.30518075833334
32.5949732127 -85.3051631634
32.59497498055556 -85.30506297777778
32.5949754678 -85.305046064
32.59497709166667 -85.30494702222222
32.5949775744 -85.3049310705
32.5949798978 -85.30477262719999
32.5949820433 -85.3046437383
32.5949840476 -85.3045136887
32.5949862073 -85.30438685359999
32.5949886532 -85.3042565251
32.594990625 -85.30414284999999
32.5949910574 -85.3041264692
32.59499293055556 -85.30401272777777
32.594993377 -85.30399748639999
32.59499521944445 -85.30388474444445
32.59499510833334 -85.30388473333333
32.5949955922 -85.3038695322
32.59499751666667 -85.30375478611111
32.594997929 -85.30373951599999
32.59499979444445 -85.30362386944444
32.5950000177 -85.3036092933
32.59500206111111 -85.30349475
32.5950022875 -85.3034781492
32.59500420000001 -85.30336488333333
32.5950044701 -85.3033485783
32.59500638055556 -85.30323554444445
32.5950067191 -85.3032194761
32.59500853888889 -85.303104225
32.5950088551 -85.30308784100001
32.59501093888889 -85.30297562777777
32.595010983 -85.3029601933
32.59501331944445 -85.30284534722222
32.5950134355 -85.3028305558
32.59501556111111 -85.30271667222222
32.5950156543 -85.3027002701
32.5950178765 -85.3025686504
32.5950200505 -85.3024399083
32.5950225974 -85.30230710319999
32.5950248 -85.30219625833332
32.5950246599 -85.3021813182
32.59502698055556 -85.30206521111111
32.59502679 -85.3020492303
32.59502921666667 -85.30193713888889
32.5950288802 -85.3019208899
32.59503112777778 -85.3018065361111
32.59503105555556 -85.30180652222222
32.5950311701 -85.3017897311
32.59503327500001 -85.30167604722222
32.5950332219 -85.3016599397
32.59503549444445 -85.30154668055555
32.5950355649 -85.30153118
32.59503766944444 -85.30141632222222
32.5950376385 -85.3014010074
32.59504010555555 -85.3012864611111
32.5950401001 -85.3012706489
32.59504241944445 -85.3011571
32.59504237222222 -85.30115698055555
32.5950424736 -85.3011409265
32.59504460833334 -85.30102808333334
32.5950444913 -85.3010136148
32.59504670555556 -85.3008976
32.5950467332 -85.3008822609
32.595049 -85.30076812777777
32.5950489649 -85.3007516318
32.59505109166667 -85.30063819999999
32.5950511974 -85.3006218638
32.595053325 -85.30050927777778
32.5950533417 -85.30049400919999
32.59505564166667 -85.30037821388889
32.5950555862 -85.3003631168
32.59505784444445 -85.30024875277778
32.5950579992 -85.30023356220001
32.59506034444445 -85.300119525
32.5950601872 -85.3001038048
32.59506266666667 -85.29998838055555
32.5950626875 -85.29997299439999
32.595064625 -85.29985906666667
32.5950648884 -85.29984260240001
32.59506685833333 -85.29972848055556
32.5950668692 -85.2997132747
32.5950688 -85.29960554166666
32.59506867 -85.29959010749999
32.59507089444445 -85.29948229166666
32.59507089 -85.29946627690001
32.59507291388889 -85.29936031944445
32.5950731058 -85.29934481719999
32.59507491666667 -85.29923638055556
32.5950752565 -85.2992209738
32.59507701388889 -85.29911224444444
32.5950771356 -85.2990963113
32.59507970277778 -85.29894999444444
32.5950799775 -85.2989343494
32.59508175277778 -85.29881715555555
32.595081825 -85.298817075
32.59508185277778 -85.29881708055555
32.5950820086 -85.2988018457
32.59508389166667 -85.29868628055556
32.5950840659 -85.2986707897
32.59508591111111 -85.298559275
32.5950860195 -85.2985451859
32.595087593 -85.2984428373
32.59508970277778 -85.29834654722222
32.5950899515 -85.2983300153
32.59509238611111 -85.29821309722222
32.5950925909 -85.29819762069999
32.59509578611112 -85.29808440277777
32.5950960776 -85.2980685542
32.5951006 -85.29795458888889
32.5951014775 -85.29793876710001
32.59510867777778 -85.29782630555556
32.5951097786 -85.29781099509999
32.59512038888889 -85.29770017777777
32.5951221042 -85.2976851376
32.59513710833333 -85.29757036944444
32.595139537 -85.2975536623
32.595158725 -85.29744201666666
32.5951614346 -85.29742719070001
32.59518497777778 -85.29731638611111
32.5951885458 -85.29730210380001
32.59521907777778 -85.29719178055555
32.5952236175 -85.2971766504
32.59526201111111 -85.29707307222222
32.5952678562 -85.2970584884
32.59531440833334 -85.29695701666667
32.59531438055556 -85.29695693055555
32.5953202161 -85.2969445216
32.59537206388889 -85.29684802222222
32.5953791118 -85.2968355718
32.59544068055555 -85.29674114444444
32.59544082222222 -85.29674115
32.595449524 -85.2967285666
32.59551301944445 -85.29664781111111
32.5955229607 -85.2966357304
32.59559387777778 -85.29655801388888
32.5956034646 -85.29654817230001
32.59567962777778 -85.29647726944444
32.5956903596 -85.2964676533
32.59577105 -85.29640616666667
32.5957823545 -85.2963977294
32.59586505277778 -85.29634532777777
32.5958768856 -85.2963381985
32.59596682222222 -85.29629159444444
32.595978762 -85.2962855823
32.59606810277778 -85.29624943888889
32.5960799423 -85.2962449538
32.59616963888889 -85.29621765833333
32.5961829521 -85.29621377629999
32.59627268611111 -85.29619517499999
32.5962864589 -85.2961925725
32.5963900186 -85.29618162840001
32.5964967026 -85.2961810019
32.5966016356 -85.29619109719999
32.5967050846 -85.2962106902
32.5968085919 -85.2962395551
32.5969098197 -85.29627786570001
32.5970070968 -85.29632584719999
32.5971002462 -85.2963843694
32.5971876663 -85.2964508493
32.597272473 -85.2965254275
32.597351529 -85.2966065399
32.597425722 -85.2966967988
32.5974826458 -85.2967787755
32.5975295476 -85.29685641650001
32.5975877042 -85.29696592099999
32.5976375687 -85.297081022
32.5976786695 -85.29719804130001
32.5977108389 -85.2973115488
32.5977381302 -85.2974415294
32.59775507222223 -85.29754895277777
32.5977573631 -85.2975644359
32.59776958888889 -85.29767239722221
32.5977709508 -85.29768649419999
32.59778009722223 -85.29779738611111
32.5977815953 -85.2978139396
32.5977864824 -85.2979382258
32.5977870478 -85.29806377920001
32.5977865893 -85.2981886787
32.59778541666667 -85.29830392777778
32.5977854145 -85.2983186892
