440451.85 -5360712.69 3416550.75 n8
440390.21 -5360718.41 3416550.04 n9
440330.65 -5360724.32 3416548.72 n10
440268.11 -5360730.17 3416547.96 n11
440209.02 -5360735.51 3416546.73 n12
440147.86 -5360741.59 3416545.59 n13

440087.62 -5360746.66 3416545.27 w1
440025.89 -5360754.17 3416542.32 w2
439915.20 -5360796.30 3416500.80 w4
439889.13 -5360825.81 3416451.23 w5
439886.19 -5360860.68 3416398.20 w6
439908.20 -5360892.32 3416348.49 w7
439956.16 -5360914.03 3416308.32 w8
440013.95 -5360922.46 3416288.07 w9
440076.50 -5360920.53 3416282.58 w10

440107.87 -5360917.32 3416283.31 s1
440168.60 -5360911.37 3416284.35 s2
440229.30 -5360905.46 3416285.79 s3
440350.36 -5360984.18 3416287.77 s5
440411.83 -5360888.65 3416288.57 s6
440471.82 -5360882.74 3416289.66 s7
440533.24 -5360877.40 3416290.33 s8
440592.87 -5360871.85 3416291.49 s9
440655.47 -5360866.23 3416295.46 s10
440714.45 -5360860.46 3416294.02 s11
440775.61 -5360854.66 3416294.83 s12
440836.00 -5360850.40 3416293.43 s13

440897.38 -5360848.30 3416289.38 e1

440922.94 -5360849.96 3416284.87 _stop

440957.89 -5360837.16 3416299.48 e2
441020.88 -5360822.67 3416314.76 e3
441066.35 -5360799.16 3416344.87 e4
441095.36 -5360766.09 3416391.48 e5
441097.80 -5360731.54 3416444.09 e6
441073.30 -5360698.90 3416496.75 e7
441029.92 -5360678.10 3416533.68 e8
440968.67 -5360669.45 3416554.33 e9

440924.83 -5360667.50 3416562.74 _yield

440907.76 -5360669.15 3416561.73 e10