32.59765634583334 -85.30689640972221
32.59765346666667 -85.30702981944444
32.59765012361112 -85.30715920555556
32.59764525138889 -85.30728889444444
32.5976373 -85.30742053888889
32.59763727916667 -85.30742054722222
32.59762625416667 -85.30754151249999
32.59762626805556 -85.30754162638888
32.59760935694445 -85.30767140555555
32.59758654444445 -85.30780004861111
32.59755648611112 -85.30792726944443
32.59751867638889 -85.3080512125
32.59751869444445 -85.3080512375
32.59747942361111 -85.30815879444444
32.59743442222222 -85.30826315972223
32.59738110000001 -85.30836459027776
32.59732216944445 -85.30845808194445
32.59732205833333 -85.3084580138889
32.59725689166667 -85.30854676527778
32.59718524722223 -85.30863188194445
32.597185225 -85.30863186527777
32.5971102625 -85.30870858750001
32.59702977222223 -85.30878004861111
32.59694590972222 -85.30884298888888
32.59685625694445 -85.30889920138888
32.596766475 -85.3089453486111
32.59667115416667 -85.30898395
32.59657478888889 -85.30901413194445
32.59647735277778 -85.30903663055555
32.59637666944445 -85.30905050138888
32.59627783472223 -85.30905436944444
32.59619821805556 -85.30905061527778
32.59612043888889 -85.30904131666665
32.59612043194445 -85.30904134305555
32.59601098888889 -85.30901914027777
32.59589842777778 -85.30898568888888
32.59579600694445 -85.30894447916666
32.5956935 -85.30889138333333
32.59559479166667 -85.30882768055555
32.59550233055556 -85.30875487638889
32.59541495833334 -85.30867275277777
32.59533410555556 -85.30858330555554
32.59525858472222 -85.30848430555555
32.59519091666667 -85.30837839166666
32.59513208472222 -85.30826795694443
32.59508062361111 -85.30815116666668
32.59508054583333 -85.30815092777777
32.59503711527778 -85.30802896805555
32.595001275 -85.30790395416666
32.59497357916667 -85.30777578611111
32.59495361527777 -85.30764474166666
32.59494051666667 -85.30751575138888
32.59493169861111 -85.30738575277778
32.59492699861111 -85.30725465277777
32.594925825 -85.30712815833333
32.594926575 -85.30699519583334
32.59492826805555 -85.3068643
32.59493044444444 -85.30672994722221
32.59493266805556 -85.30660141527778
32.59493482361111 -85.30647152638889
32.59493704583333 -85.30634220277777
32.59493801805556 -85.30627841111111
32.59494226944445 -85.30602504305556
32.59494344305556 -85.30596125277778
32.59494378495 -85.30594455684999
32.59494556388889 -85.30583488888888
32.59494579645 -85.3058202321
32.59494765972222 -85.30570846527777
32.5949479533 -85.3056929751
32.59495002638889 -85.30557727361111
32.594950346 -85.3055638964
32.59495274027778 -85.30541320694445
32.59495309285001 -85.30539908439999
32.59495452500001 -85.30529687777778
32.59495501815 -85.30528119850001
32.59495659861111 -85.30517981666667
32.59495695895 -85.30516270859999
32.59495859583333 -85.3050619
32.5949591266 -85.30504494115
32.59496066805556 -85.30494623749999
32.59496095084999 -85.30493082395
32.59496330445556 -85.30478034971111
32.59496351935 -85.30477410949999
32.59496549387222 -85.30465104137222
32.5949656825 -85.30464452929999
32.594967927 -85.30451554685
32.59496987726111 -85.30439338652221
32.5949699896 -85.30438708759999
32.5949722016 -85.30426378199445
32.59497224326667 -85.30426377227222
32.59497246865 -85.30425839919999
32.59497424861111 -85.30414234166666
32.59497443775 -85.30412453945
32.59497640833334 -85.30401214027778
32.5949766389 -85.30399815249999
32.59497860277778 -85.30388380555556
32.59497879945 -85.30387066365
32.59498095416667 -85.30375403194444
32.5949813338 -85.30374006795
32.59498318611112 -85.30362353194444
32.59498313365 -85.303610666
32.59498544722222 -85.30349387222222
32.5949858188 -85.3034789463
32.5949876849 -85.30334794715
32.5949901851 -85.3032197541
32.59499177638889 -85.30310371805555
32.59499216335 -85.30308986185
32.59499405416667 -85.3029752875
32.59499420835 -85.30296230235
32.59499631666667 -85.30284440277777
32.5949962005 -85.30282927064999
32.59499850277778 -85.30271599027778
32.5949987043 -85.3027011315
32.59500083269445 -85.30257666686667
32.59500106945 -85.30257094059999
32.59500305302778 -85.30244669998334
32.59500325325 -85.30243878605
32.59500549314445 -85.30231584048889
32.59500582370001 -85.30230530475001
32.59500769305556 -85.30219519027777
32.59500785275 -85.30217721215
32.59500990694445 -85.30206454027777
32.5950100082 -85.30204722035
32.59501217777778 -85.30193616388888
32.5950122542 -85.30191924055001
32.59501422777778 -85.30180575277777
32.59501447765 -85.30178837995001
32.59501657545 -85.30165847320001
32.59501858611111 -85.3015457875
32.59501895665 -85.30152794270001
32.59502083472222 -85.3014153486111
32.59502101085 -85.30140067475
32.5950232125 -85.30128609583332
32.59502338715 -85.30126880854999
32.59502546527778 -85.30115630277777
32.59502544444445 -85.30115624999999
32.5950257424 -85.30113934459999
32.59502769583334 -85.30102736527778
32.59502783585 -85.30101094644999
32.59502987916667 -85.30089705
32.5950301591 -85.30087867349999
32.59503215416667 -85.30076737916667
32.5950323439 -85.30074917085
32.59503430555556 -85.30063762361111
32.59503449745 -85.30062153484999
32.59503653194444 -85.30050867083332
32.59503661555 -85.3004929353
32.59503878611112 -85.30037739027779
32.5950388977 -85.30036198170001
32.59504100416667 -85.30024816527778
32.59504129075 -85.3002320785
32.59504339166667 -85.30011887638889
32.59504358865 -85.30010102225
32.59504575416667 -85.29998792222221
32.5950459639 -85.29997093489999
32.59504814855001 -85.29984177035
32.595050075 -85.29972782361111
32.59505026879999 -85.29971136259999
32.59505211944445 -85.29960509861111
32.59505223815 -85.29958812744999
32.59505426527778 -85.29948143194444
32.59505444395 -85.2994649581
32.59505625833334 -85.29935936805555
32.5950566485 -85.2993435585
32.59505821388889 -85.29923591388888
32.5950587106 -85.29921857565
32.59506032083333 -85.29911156527777
32.59506065395 -85.2990942863
32.59506284444445 -85.29894946805555
32.59506311505 -85.2989341058
32.59506478750001 -85.29881650138888
32.5950650532 -85.29880056105
32.59506696 -85.29866889030001
32.59506858333334 -85.29855843611111
32.5950687535 -85.29854395999999
32.59507028100001 -85.29844070115
32.59507199305556 -85.29834593333334
32.59507220045001 -85.29832670015
32.59507436944445 -85.29821238333332
32.5950745577 -85.2981963045
32.59507720416667 -85.29808322361112
32.5950775789 -85.29806706155
32.59508184444445 -85.29795280555555
32.5950825894 -85.29793627555
32.59508972361111 -85.29782390694444
32.59509090375 -85.2978072909
32.59510127083334 -85.29769680416666
32.59510308215 -85.2976793659
32.59511800833333 -85.29756601111112
32.59512057465 -85.2975482535
32.59513963611111 -85.29743700416667
32.5951424572 -85.29742214685001
32.59516644722223 -85.29730989444444
32.5951700686 -85.29729528635001
32.5952011375 -85.29718412222222
32.59520614154999 -85.29716840045
32.59524498472222 -85.29706286388888
32.59525067755 -85.29704842724999
32.59530047471667 -85.2969390219111
32.5953043527 -85.29693099319999
32.59535612222223 -85.29683517222222
32.59536323675 -85.2968228574
32.59543079672223 -85.29672007357777
32.5954347869 -85.29671456795
32.59549952638889 -85.29663194027778
32.59550996085 -85.29661930745
32.59558127222223 -85.2965410625
32.59559061165 -85.29653138090001
32.59567376174445 -85.29645418498333
32.59567949685 -85.29644917635
32.59576720363889 -85.29638244803334
32.59577200255 -85.29637884120001
32.59585646805556 -85.29632533749999
32.5958690548 -85.2963178043
32.59596604766666 -85.29626765642777
32.5959727081 -85.29626450405
32.5960628375 -85.29622810000001
32.59607495425 -85.2962235912
32.59616529583333 -85.29619594722223
32.5961791627 -85.2961920005
32.59627011944445 -85.29617312916666
32.5962856796 -85.29617053225
32.59638210791111 -85.29616022392221
32.59639078364999 -85.2961596379
32.59649006935555 -85.29615882872778
32.59649725654999 -85.29615914005001
32.5965971553 -85.29616837082222
32.5966045317 -85.29616948045
32.59670291591111 -85.29618772565556
32.59671002985 -85.29618933960001
32.59680704317222 -85.29621596643889
32.59680704456112 -85.29621598032779
32.5968138492 -85.2962179707
32.59690972235001 -85.29625430368333
32.5969176415 -85.29625762645
32.59700840117777 -85.2963025847111
32.59701445645 -85.29630576145
32.59710353698889 -85.29636135692222
32.5971109273 -85.29636638585001
32.59719327342778 -85.29642855798333
32.59719967815001 -85.29643363455
32.59727939622222 -85.29650350819443
32.59728520105 -85.29650889154999
32.59735986727778 -85.29658541161666
32.59736504275 -85.29659110840001
32.59743964739999 -85.29668256044999
32.5974984863 -85.29676741360001
32.59754081268889 -85.29683681797223
32.59754505355 -85.29684394105
32.59760033960001 -85.29694767161111
32.5976048416 -85.29695674679999
32.59765164268333 -85.29706437350001
32.59765496110001 -85.29707235135001
32.5976964933 -85.29719081645001
32.59772839895 -85.29730504545
32.5977565188 -85.29743750355
32.59777583975 -85.2975581023
32.59778893254445 -85.29767026821111
32.59780048305 -85.29780960385
32.5978054059 -85.2979352199
32.59780612865 -85.29806506975001
32.5978048095 -85.29818869364999
32.59780327670001 -85.2983194558
32.59780135277778 -85.29843460138889
32.5978006704 -85.29845158214999
32.59779935135556 -85.29857413848889
32.5977992333 -85.29858170049999
32.59779719716111 -85.29870396397777
32.5977969196 -85.29871012575001
32.59779519576111 -85.29883275373889
32.5977949084 -85.29884089725
32.59779292227222 -85.29896680191111
32.5977928378 -85.29897412554999
32.59779068611111 -85.2990962361111
32.5977905541 -85.29911042505
32.59778849444444 -85.29923283611112
32.5977884669 -85.29924814015
32.59778632361112 -85.29936922083334
32.5977862096 -85.2993845415
32.59778401388889 -85.29950568888889
32.5977838601 -85.29952333369999
32.59778123611112 -85.29966270833333
32.59778114789999 -85.29967493875
32.59777941944445 -85.29978314583333
32.5977792412 -85.29979689235
32.5977770679 -85.29992042903888
32.5977769705 -85.29992818869999
32.59777482617778 -85.30004848052778
32.5977746881 -85.30005595840001
32.59777262440556 -85.30017557103889
32.59777248570001 -85.3001861036
32.59777029159444 -85.30030625894443
32.5977702307 -85.3003129377
32.59776795084444 -85.30043470795556
32.59776797585 -85.3004416064
32.59776588385 -85.30057083405001
32.5977635872 -85.30069484095
32.597761232 -85.3008328322
32.5977593791 -85.30095385975
32.59775713888889 -85.30106774722222
32.5977571907 -85.30108375820001
32.59775479444444 -85.30119857222222
32.5977546795 -85.30121427
32.59775270416667 -85.30132653472222
32.5977525592 -85.3013455489
32.59775056111111 -85.30145812916666
32.59775059635 -85.30147589969999
32.59774817777778 -85.30158761388888
32.59774824675 -85.30160534674999
32.59774608611112 -85.30171904583332
32.5977460324 -85.30173611160001
32.59774395277778 -85.30184893333333
32.5977437562 -85.3018654764
32.59774170833334 -85.301978475
32.59774191685 -85.3019936096
32.59773943611111 -85.3021092486111
32.5977393498 -85.30212802459999
32.59773729583334 -85.30223914861111
32.5977373246 -85.30225347045
32.59773529305556 -85.30236794166666
32.59773530215 -85.3023867989
32.59773311111111 -85.3024985361111
32.59773297035 -85.30251231565001
32.59773090416667 -85.30262845833333
32.59773085965 -85.302642754
32.59772870833334 -85.30275867361111
32.5977288437 -85.30277793575
32.59772636527778 -85.3028951
32.5977262847 -85.30291136555
32.59772402777778 -85.30302993333333
32.59772480445 -85.30304701365
32.59772167916667 -85.3031660111111
32.5977221528 -85.30318404065
32.59771933055556 -85.30330231527778
32.59772008125 -85.30331799839999
32.59771683472222 -85.30343899583333
32.59771710715 -85.30345495455001
32.59771438472222 -85.30357552916666
32.5977141692 -85.30359131815
32.59771217083333 -85.30369372638889
32.59771190615 -85.3037134292
32.59771000138889 -85.30381107361112
32.5977099408 -85.3038261681
32.59770797777778 -85.30392816805556
32.59770594166667 -85.30404462777777
32.59770596666667 -85.30404467083332
32.59770404305556 -85.30416148055555
32.59770201527778 -85.30428731805554
32.59769987777778 -85.30441740555555
32.5976976375 -85.30454736388889
32.59769544027777 -85.3046774
32.59769333472222 -85.30480736666667
32.59769119027779 -85.30493780694445
32.59768899444445 -85.30506598055555
32.59768684444445 -85.30519683194444
32.59768463055556 -85.30532604305554
32.59768244583334 -85.30545771666667
32.59768030694444 -85.3055881375
32.59767802638889 -85.30572305555555
32.59767568055555 -85.30585967222223
32.59767314583333 -85.30600145555556
32.59767066527778 -85.30613574444445
32.59766839444444 -85.30626943611111
32.59766624722222 -85.30638649166667
32.59766416666667 -85.30650404722222
32.59766414444445 -85.30650409444445
32.59766188611111 -85.30662146388889
32.59765948472223 -85.3067382736111
