32.59776796388889 -85.29843389027778
32.59776782522222 -85.29844217461667
32.59776630413333 -85.29857367043334
32.59776433605001 -85.29870312092223
32.59776235965001 -85.29883162040556
32.59776008893888 -85.29896572691111
32.59775786805555 -85.29909466944444
32.59775786838889 -85.29910224684446
32.59775560555556 -85.29923124305554
32.59775572292778 -85.29923940554444
32.59775345694445 -85.2993677138889
32.59775362325556 -85.29937537886667
32.59775120555555 -85.29950397499999
32.59775116492778 -85.29951298114445
32.59774863611111 -85.29966134444444
32.59774869968889 -85.29966887221111
32.59774674722223 -85.2997815375
32.59774690555556 -85.29978158611111
32.59774677895555 -85.29978936238889
32.59774459428889 -85.29991887209445
32.59774230951111 -85.30004712497222
32.59773992996112 -85.30017413492777
32.59773765826111 -85.30030562422222
32.5977352689 -85.30043361906667
32.59773312705001 -85.30056273973334
32.59773098490555 -85.30069091806112
32.59772827943889 -85.3008241461
32.59772628626111 -85.30094568194444
32.59772404722223 -85.30106612222222
32.59772405682778 -85.30107421373333
32.59772168194445 -85.301197625
32.59772170467222 -85.30120553102778
32.59771956388889 -85.30132541527777
32.59771957383333 -85.30133367962777
32.59771749583334 -85.30145682638889
32.59771761550556 -85.30146471227778
32.59771506388889 -85.30158637638888
32.59771518392778 -85.30159482504445
32.59771272777778 -85.30171768472222
32.59771284866112 -85.30172619679445
32.59771100416667 -85.30184863194444
32.59771105496111 -85.30185644258889
32.59770881111112 -85.30197728472223
32.59770896575 -85.30198524768332
32.59770655972223 -85.30210749999999
32.59770661881112 -85.30211603402778
32.59770433750001 -85.30223766111111
32.59770440838334 -85.30224576678889
32.59770231805555 -85.30236648472223
32.59770231518889 -85.30237468815
32.59770002777778 -85.30249730694445
32.59770003712778 -85.30250511226112
32.59769764027779 -85.30262704444444
32.59769765416667 -85.30262704999998
32.59769770833334 -85.30262706249999
32.59769776901111 -85.30263520208334
32.597695475 -85.30275704444443
32.59769555877778 -85.30276589451667
32.59769310972223 -85.30289389722222
32.59769301805556 -85.30289401666667
32.59769299722223 -85.30289401805555
32.59769312307223 -85.30290189285
32.59769064861111 -85.30302810416666
32.59769073803889 -85.30303624058888
32.5976883 -85.30316499861111
32.59768830458889 -85.30317273464999
32.59768590555556 -85.30330098055555
32.59768603488889 -85.30330843997223
32.5976835875 -85.30343780555555
32.59768362929445 -85.3034453275111
32.597681225 -85.30357458472221
32.59768118775555 -85.30358229139443
32.59767905277778 -85.30369267222221
32.59767905694444 -85.30369269583332
32.59767908611111 -85.30369269027777
32.59767901987222 -85.30370207016111
32.59767702638889 -85.30380940972222
32.59767712176111 -85.30381650512223
32.5976750625 -85.30392661388889
32.59767301388889 -85.30404323472222
32.59767298333334 -85.30404325694444
32.59767102222223 -85.30416033194444
32.59766889722222 -85.30428595277778
32.59766663472222 -85.30441589027777
32.59766426805555 -85.30454629444444
32.59766191805556 -85.30467611388889
32.59766201388889 -85.30467612083334
32.59765978750001 -85.30480639999999
32.59765763611112 -85.30493696527778
32.59765537916667 -85.30506493888888
32.59765326388889 -85.30519559027778
32.5976510875 -85.30532583194443
32.59764887222222 -85.30545679305555
32.59764670833333 -85.30558665694444
32.59764444722222 -85.30572227361111
32.59764207916667 -85.30585861666665
32.59763963472223 -85.30599985555556
32.5976373 -85.30613455694444
32.59763525555556 -85.30626775416667
32.5976332625 -85.30638457222221
32.5976312375 -85.30650260694443
32.59762902916667 -85.30661979861111
32.59762675277778 -85.30673656111111
32.59762354027778 -85.30689511527777
32.59762058472222 -85.30702827916666
32.59761645555555 -85.30715744305556
32.5976102375 -85.30728600694444
32.59760065555555 -85.30741598472221
32.59758864027778 -85.30753509027778
32.5975718625 -85.30766264861111
32.59754977222222 -85.30778919027777
32.59752067222222 -85.30791348888889
32.5974839513889 -85.30803450555555
32.59744575972222 -85.30813913611111
32.59740191805555 -85.30824060555555
32.59735022222223 -85.30833904583332
32.59729324583334 -85.30842998055556
32.5972298125 -85.30851701388889
32.59716036527778 -85.30859976527778
32.59708664444445 -85.30867461388888
32.59700869444445 -85.30874333888889
32.59692768055556 -85.30880425694444
32.59684029305556 -85.30885901249999
32.59675329305556 -85.30890360416666
32.596661475 -85.30894083194444
32.59656714722222 -85.30897073888889
32.59647142777778 -85.30899261805556
32.59637459861111 -85.30900558611111
32.59627807083334 -85.30900939444444
32.59620102083333 -85.3090058625
32.5961264875 -85.30899707777778
32.59601889305556 -85.30897543055556
32.59590939305556 -85.30894255833333
32.59580961388889 -85.30890263472222
32.59571036111112 -85.30885144444444
32.59561523055556 -85.3087898736111
32.5955250125 -85.30871920416666
32.59543964166667 -85.30863918749999
32.59536125555556 -85.30855254722222
32.59528828055556 -85.30845667222222
32.59522225694445 -85.30835245972222
32.59522224166667 -85.30835245694445
32.59516556666667 -85.30824675138888
32.59511524305556 -85.30813225833333
32.59507278194445 -85.30801399305555
32.59503806111111 -85.30789143194444
32.59501109583334 -85.30776704861111
32.59499095277778 -85.30763886666666
32.59497740694445 -85.30751213888888
32.59496806111112 -85.30738300138889
32.59496265138889 -85.30725425
32.59496045694445 -85.30713010416667
32.59496042916667 -85.30713006666667
32.59496059722223 -85.30699725833333
32.59496171944444 -85.30686648055556
32.59496325555556 -85.30673252638888
32.5949634763889 -85.30673229027778
32.59496511527778 -85.30660350138888
32.59496719722222 -85.30647363055556
32.59496930416667 -85.30634419166665
32.5949693375 -85.30634417361111
32.59496931805556 -85.30634414861112
32.59497564166666 -85.30596311666667
32.59497585573334 -85.30595446882222
32.59497765 -85.30583734444444
32.59497780466667 -85.30582967425556
32.59497969583334 -85.30571058194444
32.59497993801111 -85.30570269788889
32.59498198888889 -85.30557962083333
32.59498218637222 -85.30557221687778
32.59498468055556 -85.3054155763889
32.59498487078334 -85.30540845520555
32.59498648888889 -85.30529920555554
32.59498672327223 -85.30529102091111
32.59498865972222 -85.30518179722222
32.59498876190555 -85.30517299975556
32.59499060694445 -85.30506395
32.59499085056667 -85.3050554931111
32.59499264861111 -85.30494784722222
32.59499288997777 -85.30493987136111
32.59499545167778 -85.30478215804445
32.59499768415 -85.30465256359444
32.59499981685556 -85.30452278323889
32.59500203420556 -85.30439476707778
32.59500427382223 -85.30426578199445
32.595006375 -85.30414389999999
32.5950065912 -85.30413570959999
32.59500866527777 -85.30401357916666
32.5950088885 -85.30400595847777
32.59501094861112 -85.30388572222222
32.59501089305556 -85.30388571666666
32.59501113498889 -85.30387811609999
32.59501326666667 -85.30375560555555
32.59501347283334 -85.3037479705
32.5950155375 -85.30362471388889
32.59501564912778 -85.30361742581667
32.59501780555556 -85.30349588749999
32.59501791875 -85.30348758709999
32.59501998611111 -85.30336576111111
32.59502012116111 -85.30335760859444
32.59502215555555 -85.30323641666666
32.59502232482778 -85.30322838249444
32.59502432222222 -85.30310498611111
32.59502448032778 -85.30309679411111
32.59502667777778 -85.30297663055555
32.59502669983334 -85.30296891331666
32.59502893611111 -85.30284673333333
32.59502899413889 -85.30283933762223
32.59503119305556 -85.30271747916666
32.59503123965 -85.30270927810555
32.59503348686111 -85.30257770297777
32.59503570719444 -85.30244793470555
32.59503810147778 -85.30231696965555
32.59504030555556 -85.30219689166665
32.59504023550556 -85.30218942159999
32.59504254027778 -85.30206574583333
32.595042445 -85.30205775542777
32.59504478333334 -85.30193793055555
32.5950446151 -85.30192980606111
32.59504686111111 -85.30180660972221
32.595046825 -85.30180660277777
32.59504688227223 -85.30179820721666
32.59504916527779 -85.30167581527778
32.59504913872778 -85.30166776151667
32.59505140555556 -85.30154693333333
32.59505144078334 -85.30153918305555
32.59505358472222 -85.30141716388889
32.59505356925 -85.30140950647777
32.59505594305556 -85.30128771527777
32.59505594032778 -85.30127980917223
32.59505810972222 -85.30115745972222
32.59505808611111 -85.30115739999999
32.59505813680001 -85.30114937297222
32.59506047916667 -85.30102894722222
32.59506042065 -85.30102171295556
32.59506264444445 -85.3008986375
32.59506265826667 -85.30089096795
32.59506488333334 -85.3007690625
32.59506486578334 -85.30076081451111
32.59506709583334 -85.30063864722221
32.5950671487 -85.30063047912222
32.59506929722222 -85.30051036111111
32.59506930557222 -85.30050272682222
32.59507161111111 -85.30037919027778
32.59507158337777 -85.30037164173334
32.59507378055556 -85.30024989444445
32.59507385793334 -85.30024229915556
32.595076075 -85.3001202375
32.59507599637777 -85.3001123774
32.59507840555555 -85.29998926111111
32.59507841597222 -85.29998156803333
32.59508039583334 -85.29986009583334
32.59508052753334 -85.2998518637
32.5950826875 -85.29972970833333
32.59508269293333 -85.29972210540555
32.59508474027778 -85.29960667777777
32.59508467527778 -85.29959896069444
32.5950868125 -85.29948302916667
32.59508681027778 -85.29947502178334
32.59508885138889 -85.29936125277777
32.59508894734444 -85.29935350165556
32.59509097083334 -85.29923688055555
32.59509114075 -85.29922917717778
32.59509298055556 -85.29911325277777
32.59509304141111 -85.29910528620556
32.59509573888889 -85.29895105972221
32.59509587625 -85.29894323720001
32.59509798611111 -85.29881857222222
32.59509802222222 -85.29881853194445
32.59509803611111 -85.29881853472222
32.59509811402222 -85.29881091729445
32.59510038055556 -85.29868765833334
32.59510046767222 -85.29867991290556
32.59510276250001 -85.29856051527779
32.59510281669445 -85.29855347072777
32.59510640066667 -85.29839588115
32.59510745555556 -85.29834773611111
32.59510757991667 -85.29833947015
32.59511047916666 -85.29821494166666
32.59511058156112 -85.29820720340555
32.59511429166668 -85.2980857138889
32.59511443741111 -85.2980777896
32.59511953888889 -85.29795648055556
32.59511997763889 -85.29794856966112
32.59512759305556 -85.29782914027777
32.59512814346667 -85.29782148504999
32.59513890416667 -85.29770370694445
32.59513976182222 -85.29769618685555
32.59515543055556 -85.29757534999999
32.59515664488889 -85.29756699642778
32.5951772375 -85.29744740416666
32.5951785923 -85.29743999118334
32.59520322638889 -85.29732302916666
32.5952050104 -85.29731588801111
32.59523655694444 -85.29719992361112
32.59523882680556 -85.29719235853334
32.59527870277778 -85.29708360138889
32.59528162532223 -85.29707630947777
32.59533040555556 -85.29696876666667
32.59533039166666 -85.29696872361112
32.59533330943889 -85.29696251913333
32.59538750555556 -85.29686089166667
32.59539102951111 -85.29685466645556
32.59545495833333 -85.29675543888888
32.59545502916667 -85.29675544166668
32.59545938005556 -85.29674914996667
32.59552611527778 -85.29666361388888
32.59553108590556 -85.29665757353334
32.59560606666667 -85.29657498611111
32.59561086007778 -85.29657006531667
32.59569036388889 -85.29649535833333
32.5956957298 -85.29649055026111
32.59578035694445 -85.29642477222222
32.59578600919445 -85.29642055358889
32.59587267083334 -85.29636515416666
32.59587858724444 -85.29636158952778
32.59597362083333 -85.29631200416667
32.59597959072222 -85.29630899809445
32.59607272222222 -85.29627079861112
32.59607864198334 -85.29626855606666
32.59617295416667 -85.29623968611111
32.59617961077223 -85.29623774509443
32.5962748625 -85.29621744861112
32.59628174889445 -85.29621614736112
32.59638445791111 -85.29620503503334
32.59648908602222 -85.29620410233889
32.59659242057778 -85.29621288332223
32.59669524785556 -85.2962316714889
32.59679679039445 -85.29625971505
32.59689564596111 -85.29629686896112
32.5969915484 -85.29634408748888
32.59708378976667 -85.29640047914444
32.59717080676111 -85.29646480659444
32.59725519622222 -85.29653830958333
32.59733369783334 -85.29661836717221
32.597406586 -85.29670636189999
32.5974632729 -85.29678680858333
32.5975096363 -85.29686186102778
32.59756793543333 -85.29697037161111
32.59761741629445 -85.29708205544443
32.59765801113889 -85.29719770398333
32.59768981111667 -85.29730903828889
32.59771762482222 -85.2974376522
32.59773660416667 -85.29755362777777
32.59773774960556 -85.29756136933889
32.59775102222223 -85.2976753736111
32.59775170317778 -85.2976824221
32.59776123888889 -85.29779872222223
32.59776198792778 -85.29780699896668
32.59776781758889 -85.29793200595554
32.59776986417778 -85.29805683126668
32.59777029881667 -85.29818037962778
32.59776950138889 -85.29830354583333
32.59776950030556 -85.29831092654445
