38.955264283020 -77.148283079502 107.893776124636
38.955818782100 -77.150977802358 107.892470064267
38.955819066257 -77.150972045189 107.892462195724
38.955819302235 -77.150966284066 107.892454388293
38.955819490178 -77.150960519603 107.892446647235
38.955819630224 -77.150954752412 107.892438970816
38.955819722517 -77.150948983109 107.892431362265
38.955819767196 -77.150943212308 107.892423818039
38.955819764403 -77.150937440621 107.892416342728
38.955819714278 -77.150931668663 107.892408935669
38.955819616964 -77.150925897048 107.892401598094
38.955819472600 -77.150920126390 107.892394329975
38.955819281329 -77.150914357303 107.892387132383
38.955819043290 -77.150908590400 107.892380005020
38.955818758626 -77.150902826295 107.892372949552
38.955818427476 -77.150897065603 107.892365968742
38.955818049983 -77.150891308936 107.892359059057
38.955817626287 -77.150885556910 107.892352223253
38.955817156530 -77.150879810138 107.892345465054
38.955816640852 -77.150874069233 107.892338778439
38.955816079395 -77.150868334810 107.892332168991
38.955815472299 -77.150862607483 107.892325638320
38.955814819706 -77.150856887865 107.892319182415
38.955814121756 -77.150851176570 107.892312805031
38.955813378592 -77.150845474213 107.892306505491
38.955812590353 -77.150839781407 107.892300287396
38.955811757181 -77.150834098765 107.892294149399
38.955810879217 -77.150828426903 107.892288088778
38.955809956602 -77.150822766433 107.892282112277
38.955808989478 -77.150817117970 107.892276216783
38.955807977984 -77.150811482127 107.892270403057
38.955806922263 -77.150805859519 107.892264672727
38.955805822455 -77.150800250759 107.892259025279
38.955804678701 -77.150794656461 107.892253463978
38.955803491143 -77.150789077239 107.892247987642
38.955802259921 -77.150783513706 107.892242593894
38.955800985177 -77.150777966478 107.892237289031
38.955799667052 -77.150772436167 107.892232068735
38.955798305687 -77.150766923388 107.892226937956
38.955796901222 -77.150761428754 107.892221892967
38.955795453799 -77.150755952880 107.892216936496
38.955793963559 -77.150750496378 107.892212069876
38.955792430643 -77.150745059864 107.892207292792
38.955790855192 -77.150739643951 107.892202604833
38.955789237347 -77.150734249252 107.892198008140
38.955787577249 -77.150728876382 107.892193503330
38.955785875040 -77.150723525955 107.892189088482
38.955784130860 -77.150718198584 107.892184768364
38.955782344851 -77.150712894883 107.892180538341
38.955780517153 -77.150707615467 107.892176401235
38.955778647907 -77.150702360949 107.892172358508
38.955776737256 -77.150697131942 107.892168410728
38.955774785338 -77.150691929062 107.892164558227
38.955772792297 -77.150686752921 107.892160800382
38.955770758273 -77.150681604133 107.892157138303
38.955768683406 -77.150676483313 107.892153571877
38.955766567838 -77.150671391075 107.892150101828
38.955764411711 -77.150666328032 107.892146730448
38.955762215164 -77.150661294797 107.892143456580
38.955759978340 -77.150656291986 107.892140280481
38.955757701379 -77.150651320212 107.892137203376
38.955755384423 -77.150646380088 107.892134223697
38.955753027611 -77.150641472229 107.892131344745
38.955750631087 -77.150636597248 107.892128565327
38.955748194989 -77.150631755760 107.892125888026
38.955745719461 -77.150626948377 107.892123310486
38.955743204642 -77.150622175715 107.892120833073
38.955740650674 -77.150617438387 107.892118459438
38.955738057697 -77.150612737007 107.892116187417
38.955735425854 -77.150608072188 107.892114016902
38.955732755285 -77.150603444545 107.892111950856
38.955730046130 -77.150598854692 107.892109987161
38.955727298532 -77.150594303241 107.892108129844
38.955724512631 -77.150589790808 107.892106373454
38.955721688568 -77.150585318006 107.892104725238
38.955718826485 -77.150580885449 107.892103179698
38.955715926522 -77.150576493751 107.892101741094
38.955712988820 -77.150572143525 107.892100408265
38.955710013521 -77.150567835386 107.892099182072
38.955707000766 -77.150563569948 107.892098064175
38.955703950695 -77.150559347824 107.892097049906
38.955700863450 -77.150555169627 107.892096146593
38.955697739172 -77.150551035973 107.892095350133
38.955694578002 -77.150546947475 107.892094662021
38.955691380080 -77.150542904747 107.892094083872
38.955688145549 -77.150538908402 107.892093614396
38.955684874549 -77.150534959055 107.892093254300
38.955681567221 -77.150531057319 107.892093005504
38.955678223707 -77.150527203808 107.892092867081
38.955674844147 -77.150523399137 107.892092838015
38.955671428682 -77.150519643918 107.892092922493
38.955665521992 -77.150513302682 107.892093281199
38.955662064487 -77.150509591436 107.892093544350
38.955658601789 -77.150505881931 107.892093853345
38.955655128972 -77.150502184703 107.892094221562
38.955651641106 -77.150498510285 107.892094660199
38.955648133263 -77.150494869212 107.892095185251
38.955644600513 -77.150491272020 107.892095803444
38.955641037929 -77.150487729242 107.892096535596
38.955637440580 -77.150484251413 107.892097387133
38.955633803539 -77.150480849067 107.892098376522
38.955630121878 -77.150477532740 107.892099512985
38.955626390666 -77.150474312966 107.892100809643
38.955622604976 -77.150471200279 107.892102281026
38.955618759878 -77.150468205214 107.892103937885
38.955613653116 -77.150464394705 107.892106321457
38.955609768420 -77.150461476918 107.892108167859
38.955605891787 -77.150458542164 107.892110028702
38.955602023224 -77.150455590522 107.892111911531
38.955598162737 -77.150452622068 107.892113814060
38.955594310332 -77.150449636880 107.892115733207
38.955590466017 -77.150446635035 107.892117670586
38.955586629797 -77.150443616609 107.892119627159
38.955582801679 -77.150440581680 107.892121603832
38.955578981668 -77.150437530325 107.892123598185
38.955575169772 -77.150434462622 107.892125612088
38.955571365996 -77.150431378646 107.892127644088
38.955567570347 -77.150428278476 107.892129696077
38.955563782831 -77.150425162189 107.892131764286
38.955560003455 -77.150422029861 107.892133854893
38.955556232225 -77.150418881570 107.892135963407
38.955552469146 -77.150415717392 107.892138090613
38.955548714227 -77.150412537406 107.892140237326
38.955544967472 -77.150409341688 107.892142402584
38.955541228888 -77.150406130314 107.892144589737
38.955537498481 -77.150402903363 107.892146793169
38.955533776258 -77.150399660912 107.892149015945
38.955530062226 -77.150396403037 107.892151261867
38.955526356389 -77.150393129816 107.892153523386
38.955522658756 -77.150389841325 107.892155805364
38.955518969331 -77.150386537642 107.892158107174
38.955515288122 -77.150383218845 107.892160429225
38.955511615134 -77.150379885009 107.892162768500
38.955507950375 -77.150376536213 107.892165129686
38.955504293849 -77.150373172533 107.892167509560
38.955500645565 -77.150369794046 107.892169911149
38.955497005527 -77.150366400830 107.892172329512
38.955493373743 -77.150362992962 107.892174770551
38.955489750218 -77.150359570518 107.892177229823
38.955486134959 -77.150356133577 107.892179708173
38.955482527972 -77.150352682214 107.892182208574
38.955478929264 -77.150349216508 107.892184729068
38.955475338841 -77.150345736534 107.892187268134
38.955471756709 -77.150342242372 107.892189828173
38.955468182874 -77.150338734096 107.892192405553
38.955464617343 -77.150335211786 107.892195005979
38.955461060123 -77.150331675517 107.892197624408
38.955457511219 -77.150328125366 107.892200266962
38.955453970637 -77.150324561412 107.892202926069
38.955450438385 -77.150320983731 107.892205607873
38.955446914468 -77.150317392400 107.892208308115
38.955443398893 -77.150313787496 107.892211028956
38.955439891667 -77.150310169097 107.892213771947
38.955436392794 -77.150306537280 107.892216532773
38.955432902282 -77.150302892120 107.892219316351
38.955429420138 -77.150299233697 107.892222118275
38.955425946366 -77.150295562087 107.892224943674
38.955422480974 -77.150291877366 107.892227787451
38.955419023969 -77.150288179613 107.892230652709
38.955415575355 -77.150284468904 107.892233538694
38.955412135141 -77.150280745316 107.892236445522
38.955408703331 -77.150277008927 107.892239372422
38.955405279932 -77.150273259813 107.892242320978
38.955401864952 -77.150269498052 107.892245290094
38.955398458395 -77.150265723721 107.892248278805
38.955395060268 -77.150261936896 107.892251289315
38.955391670578 -77.150258137656 107.892254320424
38.955388289331 -77.150254326077 107.892257372750
38.955384916532 -77.150250502236 107.892260445109
38.955381552190 -77.150246666210 107.892263538568
38.955378196309 -77.150242818077 107.892266654592
38.955374848897 -77.150238957913 107.892269790273
38.955371509959 -77.150235085796 107.892272946560
38.955368179502 -77.150231201803 107.892276124748
38.955364857532 -77.150227306011 107.892279324880
38.955361544055 -77.150223398497 107.892282544668
38.955358239078 -77.150219479339 107.892285785820
38.955354942608 -77.150215548612 107.892289047154
38.955351654649 -77.150211606395 107.892292331717
38.955347104152 -77.150206109701 107.892296923203
38.955343841115 -77.150202131088 107.892300246374
38.955340589860 -77.150198135002 107.892303584501
38.955337350561 -77.150194121460 107.892306935025
38.955334123394 -77.150190090481 107.892310297420
38.955330908532 -77.150186042082 107.892313673509
38.955327706151 -77.150181976283 107.892317062895
38.955324516425 -77.150177893101 107.892320463190
38.955321339530 -77.150173792556 107.892323876818
38.955318175641 -77.150169674664 107.892327301688
38.955315024931 -77.150165539446 107.892330739881
38.955311887576 -77.150161386918 107.892334186983
38.955308763752 -77.150157217099 107.892337647226
38.955305653632 -77.150153030008 107.892341117405
38.955302557391 -77.150148825663 107.892344597451
38.955299475205 -77.150144604082 107.892348087126
38.955296407248 -77.150140365283 107.892351587464
38.955293353696 -77.150136109286 107.892355098999
38.955290314722 -77.150131836108 107.892358618929
38.955287290502 -77.150127545767 107.892362147821
38.955284281210 -77.150123238282 107.892365686185
38.955281287022 -77.150118913671 107.892369232476
38.955278308113 -77.150114571952 107.892372785168
38.955275344656 -77.150110213145 107.892376349834
38.955272396828 -77.150105837266 107.892379921257
38.955269464802 -77.150101444335 107.892383497184
38.955266548754 -77.150097034370 107.892387081534
38.955263648859 -77.150092607389 107.892390673927
38.955260765291 -77.150088163410 107.892394272683
38.955257898225 -77.150083702452 107.892397876279
38.955255047837 -77.150079224534 107.892401487187
38.955252214300 -77.150074729672 107.892405102039
38.955249397790 -77.150070217886 107.892408723667
38.955246598482 -77.150065689195 107.892412349769
38.955243816550 -77.150061143615 107.892415980974
38.955241052170 -77.150056581167 107.892419617185
38.955238305516 -77.150052001867 107.892423256026
38.955235576762 -77.150047405735 107.892426899527
38.955232866085 -77.150042792788 107.892430546875
38.955230173659 -77.150038163045 107.892434193842
38.955227499658 -77.150033516525 107.892437848936
38.955224844257 -77.150028853245 107.892441502689
38.955222207632 -77.150024173224 107.892445159417
38.955219589956 -77.150019476481 107.892448818587
38.955216991406 -77.150014763033 107.892452479961
38.955214412156 -77.150010032899 107.892456140007
38.955211852380 -77.150005286097 107.892459803976
38.955209312254 -77.150000522646 107.892463465676
38.955206791952 -77.149995742563 107.892467129397
38.955204291649 -77.149990945868 107.892470792857
38.955201811520 -77.149986132578 107.892474455464
38.955199351740 -77.149981302712 107.892478118706
38.955196912484 -77.149976456289 107.892481778532
38.955194493927 -77.149971593326 107.892485437632
38.955192096242 -77.149966713841 107.892489096852
38.955189719607 -77.149961817854 107.892492753248
38.955187364194 -77.149956905382 107.892496405379
38.955185030179 -77.149951976444 107.892500057065
38.955182717737 -77.149947031058 107.892503704328
38.955180427043 -77.149942069243 107.892507348886
38.955178158271 -77.149937091016 107.892510990219
38.955175911597 -77.149932096397 107.892514626323
38.955173687195 -77.149927085402 107.892518258953
38.955171485240 -77.149922058052 107.892521887251
38.955169305906 -77.149917014363 107.892525509741
38.955167149370 -77.149911954355 107.892529127437
38.955165015805 -77.149906878045 107.892532738155
38.955162905387 -77.149901785453 107.892536345816
38.955160818290 -77.149896676595 107.892539945023
38.955158754689 -77.149891551492 107.892543537326
38.955156714758 -77.149886410160 107.892547125163
38.955154698674 -77.149881252619 107.892550702901
38.955152690292 -77.149876068617 107.892554304850
38.955150692875 -77.149870898729 107.892557927390
38.955148699866 -77.149865726051 107.892561579380
38.955146711267 -77.149860550590 107.892565261766
38.955144727080 -77.149855372353 107.892568973661
38.955142747307 -77.149850191345 107.892572716813
38.955140771951 -77.149845007573 107.892576491812
38.955138801013 -77.149839821044 107.892580295536
38.955136834496 -77.149834631762 107.892584132443
38.955134872403 -77.149829439735 107.892587997762
38.955132914735 -77.149824244969 107.892591894511
38.955130961494 -77.149819047470 107.892595821740
38.955129012683 -77.149813847245 107.892599778688
38.955127068304 -77.149808644299 107.892603768379
38.955125128359 -77.149803438639 107.892607785801
38.955123192850 -77.149798230272 107.892611835188
38.955121261780 -77.149793019202 107.892615914785
38.955119335151 -77.149787805438 107.892620027381
38.955117412964 -77.149782588984 107.892624167047
38.955115495223 -77.149777369848 107.892628338109
38.955113581929 -77.149772148035 107.892632540767
38.955111673085 -77.149766923552 107.892636772928
38.955109768692 -77.149761696405 107.892641035577
38.955107868753 -77.149756466600 107.892645329186
38.955105973271 -77.149751234144 107.892649653079
38.955104082246 -77.149745999043 107.892654008507
38.955102195683 -77.149740761302 107.892658394428
38.955100313582 -77.149735520929 107.892662807767
38.955098435946 -77.149730277930 107.892667255153
38.955096562777 -77.149725032310 107.892671730302
38.955094694078 -77.149719784076 107.892676238675
38.955092829850 -77.149714533235 107.892680776096
38.955090970096 -77.149709279793 107.892685343718
38.955089114818 -77.149704023755 107.892689941396
38.955087264018 -77.149698765128 107.892694571990
38.955085417698 -77.149693503919 107.892699229632
38.955083575861 -77.149688240134 107.892703920000
38.955081738509 -77.149682973778 107.892708639822
38.955079905643 -77.149677704859 107.892713390258
38.955078077267 -77.149672433382 107.892718170950
38.955076253382 -77.149667159353 107.892722983939
38.955074433991 -77.149661882780 107.892727824511
38.955072619096 -77.149656603668 107.892732697412
38.955070808699 -77.149651322023 107.892737600247
38.955069002801 -77.149646037853 107.892742534186
38.955067201407 -77.149640751162 107.892747494969
38.955065404516 -77.149635461957 107.892752490735
38.955063612133 -77.149630170245 107.892757514736
38.955061824259 -77.149624876032 107.892762569558
38.955060040895 -77.149619579324 107.892767652975
38.955058262046 -77.149614280127 107.892772768408
38.955056487711 -77.149608978448 107.892777915577
38.955054717895 -77.149603674293 107.892783090728
38.955052952599 -77.149598367667 107.892788295823
38.955051191824 -77.149593058578 107.892793533793
38.955049435575 -77.149587747032 107.892798800202
38.955047683851 -77.149582433035 107.892804099002
38.955045936657 -77.149577116592 107.892809424229
38.955044193994 -77.149571797711 107.892814782459
38.955042455864 -77.149566476398 107.892820170695
38.955040722269 -77.149561152659 107.892825589478
38.955038993212 -77.149555826500 107.892831037609
38.955037268695 -77.149550497927 107.892836518232
38.955035548719 -77.149545166947 107.892842026478
38.955033833288 -77.149539833566 107.892847565886
38.955032122404 -77.149534497790 107.892853135909
38.955030416068 -77.149529159626 107.892858736241
38.955028714283 -77.149523819080 107.892864367293
38.955027017051 -77.149518476157 107.892870026644
38.955027017051 -77.149518476157 107.892870026644
38.954926716657 -77.149218707518 107.893262278511
38.954925354314 -77.149213202932 107.893269522725
38.954924014265 -77.149207685583 107.893276762280
38.954922697407 -77.149202155790 107.893283995318
38.954921404638 -77.149196613875 107.893291221862
38.954920136856 -77.149191060156 107.893298436147
38.954918894958 -77.149185494956 107.893305636904
38.954917679842 -77.149179918593 107.893312822615
38.954916492407 -77.149174331387 107.893319992168
38.954915333549 -77.149168733660 107.893327140104
38.954914204167 -77.149163125732 107.893334265384
38.954913105157 -77.149157507922 107.893341366493
38.954912037419 -77.149151880550 107.893348440817
38.954911001849 -77.149146243938 107.893355483556
38.954909999345 -77.149140598405 107.893362495581
38.954909030805 -77.149134944272 107.893369471147
38.954908097128 -77.149129281858 107.893376411281
38.954907199209 -77.149123611485 107.893383313041
38.954906337948 -77.149117933471 107.893390172194
38.954905514242 -77.149112248138 107.893396986985
38.954904728988 -77.149106555806 107.893403754392
38.954903983085 -77.149100856794 107.893410473070
38.954903277430 -77.149095151424 107.893417140382
38.954902612920 -77.149089440014 107.893423753385
38.954901990455 -77.149083722887 107.893430308701
38.954901410930 -77.149078000361 107.893436806709
38.954900875245 -77.149072272757 107.893443242087
38.954900384296 -77.149066540395 107.893449614149
38.954899938982 -77.149060803595 107.893455917987
38.954899540200 -77.149055062679 107.893462152455
38.954899188848 -77.149049317965 107.893468317776
38.954898885823 -77.149043569774 107.893474407687
38.954898632024 -77.149037818426 107.893480421395
38.954898428348 -77.149032064242 107.893486356609
38.954898275693 -77.149026307542 107.893492210058
38.954898174957 -77.149020548645 107.893497978911
38.954898127037 -77.149014787873 107.893503662270
38.954898132831 -77.149009025545 107.893509255532
38.954898193236 -77.149003261981 107.893514759106
38.954898309151 -77.148997497503 107.893520167217
38.954898479223 -77.148990993930 107.893526222817
38.954898630261 -77.148985228990 107.893531631643
38.954898781119 -77.148979464025 107.893537077811
38.954898931739 -77.148973699033 107.893542566925
38.954899082066 -77.148967934013 107.893548093250
38.954899232041 -77.148962168965 107.893553660584
38.954899381608 -77.148956403888 107.893559270029
38.954899530710 -77.148950638780 107.893564916972
38.954899679290 -77.148944873641 107.893570606875
38.954899827291 -77.148939108469 107.893576334524
38.954899974655 -77.148933343265 107.893582103771
38.954900121327 -77.148927578026 107.893587914520
38.954900267248 -77.148921812752 107.893593766881
38.954900412363 -77.148916047442 107.893599660366
38.954900556613 -77.148910282094 107.893605592806
38.954900699943 -77.148904516709 107.893611567345
38.954900842294 -77.148898751285 107.893617585171
38.954900983610 -77.148892985821 107.893623642538
38.954901123835 -77.148887220317 107.893629742910
38.954901262910 -77.148881454770 107.893635886780
38.954901400780 -77.148875689181 107.893642069824
38.954901537387 -77.148869923548 107.893648297868
38.954901672673 -77.148864157871 107.893654565306
38.954901806583 -77.148858392148 107.893660877685
38.954901939059 -77.148852626378 107.893667232511
38.954902070045 -77.148846860561 107.893673628225
38.954902199482 -77.148841094696 107.893680068725
38.954902327314 -77.148835328781 107.893686552767
38.954902453485 -77.148829562816 107.893693077736
38.954902577937 -77.148823796799 107.893699645612
38.954902700613 -77.148818030731 107.893706259772
38.954902821457 -77.148812264609 107.893712915783
38.954902940411 -77.148806498433 107.893719617220
38.954903057418 -77.148800732203 107.893726360278
38.954903172421 -77.148794965916 107.893733148463
38.954903285363 -77.148789199572 107.893739980818
38.954903396188 -77.148783433170 107.893746856293
38.954903504839 -77.148777666710 107.893753779792
38.954903611257 -77.148771900190 107.893760743964
38.954903715387 -77.148766133609 107.893767754299
38.954903817172 -77.148760366966 107.893774810822
38.954903916554 -77.148754600261 107.893781910322
38.954904013476 -77.148748833492 107.893789055171
38.954904107882 -77.148743066658 107.893796246282
38.954904199714 -77.148737299759 107.893803482312
38.954904288916 -77.148731532794 107.893810763182
38.954904375430 -77.148725765761 107.893818089698
38.954904459200 -77.148719998660 107.893825463079
38.954904540168 -77.148714231490 107.893832882736
38.954904618278 -77.148708464250 107.893840348267
38.954904693472 -77.148702696938 107.893847858518
38.954904765694 -77.148696929554 107.893855415139
38.954904834887 -77.148691162098 107.893863020547
38.954904947496 -77.148681458231 107.893875911210
38.954905017878 -77.148675690780 107.893883618262
38.954905091489 -77.148669923395 107.893891354519
38.954905168328 -77.148664156080 107.893899121939
38.954905248396 -77.148658388837 107.893906922584
38.954905331692 -77.148652621668 107.893914753774
38.954905418217 -77.148646854578 107.893922616886
38.954905507969 -77.148641087569 107.893930513151
38.954905600949 -77.148635320643 107.893938437766
38.954905697158 -77.148629553805 107.893946393423
38.954905796594 -77.148623787056 107.893954382508
38.954905899257 -77.148618020400 107.893962400550
38.954906005149 -77.148612253839 107.893970451712
38.954906114267 -77.148606487377 107.893978533065
38.954906226613 -77.148600721017 107.893986645641
38.954906342187 -77.148594954762 107.893994790792
38.954906460987 -77.148589188614 107.894002966569
38.954906583015 -77.148583422577 107.894011173201
38.954906708269 -77.148577656653 107.894019410894
38.954906836750 -77.148571890845 107.894027681222
38.954906968458 -77.148566125157 107.894035980465
38.954907103393 -77.148560359592 107.894044312161
38.954907241554 -77.148554594151 107.894052675302
38.954907382942 -77.148548828839 107.894061068460
38.954907527556 -77.148543063658 107.894069496753
38.954907675396 -77.148537298612 107.894077951204
38.954907826462 -77.148531533702 107.894086440129
38.954907980754 -77.148525768933 107.894094959554
38.954908138272 -77.148520004307 107.894103509100
38.954908299016 -77.148514239826 107.894112091545
38.954908462986 -77.148508475495 107.894120704386
38.954908630181 -77.148502711316 107.894129349131
38.954908800601 -77.148496947292 107.894138023886
38.954908974247 -77.148491183425 107.894146730233
38.954909151119 -77.148485419720 107.894155467111
38.954909331215 -77.148479656178 107.894164234712
38.954909514536 -77.148473892803 107.894173035588
38.954909701083 -77.148468129597 107.894181867610
38.954909890854 -77.148462366565 107.894190730296
38.954910083850 -77.148456603708 107.894199622693
38.954910280071 -77.148450841029 107.894208547044
38.954910479516 -77.148445078532 107.894217503109
38.954910682185 -77.148439316220 107.894226490185
38.954910888079 -77.148433554095 107.894235508653
38.954911097197 -77.148427792161 107.894244558101
38.954911309539 -77.148422030420 107.894253637820
38.954911525106 -77.148416268875 107.894262748859
38.954911743896 -77.148410507530 107.894271892023
38.954911965910 -77.148404746387 107.894281065254
38.954912191147 -77.148398985449 107.894290271629
38.954912419608 -77.148393224719 107.894299507497
38.954912651293 -77.148387464201 107.894308772729
38.954912886201 -77.148381703896 107.894318070566
38.954913124332 -77.148375943809 107.894327401171
38.954913365687 -77.148370183942 107.894336761175
38.954913610264 -77.148364424297 107.894346152076
38.954913858065 -77.148358664879 107.894355575349
38.954914109088 -77.148352905690 107.894365029635
38.954914363334 -77.148347146732 107.894374513053
38.954914620803 -77.148341388009 107.894384028551
38.954914881494 -77.148335629524 107.894393576641
38.954915145408 -77.148329871280 107.894403153361
38.954915412544 -77.148324113280 107.894412762865
38.954915682902 -77.148318355526 107.894422401742
38.954915956483 -77.148312598022 107.894432073814
38.954916233285 -77.148306840770 107.894441775528
38.954916513310 -77.148301083774 107.894451509082
38.954916796556 -77.148295327037 107.894461272182
38.954917083023 -77.148289570561 107.894471068006
38.954917372713 -77.148283814349 107.894480893874
38.954917665624 -77.148278058405 107.894490751659
38.954917961756 -77.148272302731 107.894500641168
38.954918261110 -77.148266547331 107.894510558594
38.954918563684 -77.148260792206 107.894520507999
38.954918869480 -77.148255037361 107.894530490548
38.954919178497 -77.148249282798 107.894540501636
38.954919490735 -77.148243528521 107.894550546137
38.954919806193 -77.148237774531 107.894560619792
38.954920124872 -77.148232020833 107.894570724542
38.954920446772 -77.148226267428 107.894580861718
38.954920771892 -77.148220514321 107.894591027384
38.954921100232 -77.148214761513 107.894601226334
38.954921431793 -77.148209009008 107.894611455268
38.954921766574 -77.148203256810 107.894621715188
38.954922104575 -77.148197504920 107.894632005471
38.954922104575 -77.148197504920 107.894632005471
38.955989621573 -77.149332200072 107.891780090371
38.955987857967 -77.149326892409 107.891783794223
38.955986095416 -77.149321584144 107.891787537820
38.955984333972 -77.149316275253 107.891791317647
38.955982573684 -77.149310965711 107.891795140678
38.955980814603 -77.149305655494 107.891799000815
38.955979056780 -77.149300344578 107.891802900449
38.955977300264 -77.149295032937 107.891806838317
38.955975545107 -77.149289720548 107.891810815893
38.955973791358 -77.149284407385 107.891814835047
38.955972039069 -77.149279093426 107.891818890334
38.955970288289 -77.149273778644 107.891822986164
38.955968539069 -77.149268463017 107.891827120579
38.955966791460 -77.149263146518 107.891831294955
38.955965045511 -77.149257829124 107.891835507091
38.955963301274 -77.149252510811 107.891839760482
38.955961558800 -77.149247191554 107.891844051774
38.955959818137 -77.149241871328 107.891848381635
38.955958079337 -77.149236550109 107.891852753379
38.955956342451 -77.149231227873 107.891857163081
38.955954607528 -77.149225904595 107.891861610087
38.955952874619 -77.149220580251 107.891866098807
38.955951143775 -77.149215254816 107.891870624763
38.955949415046 -77.149209928266 107.891875192038
38.955947688483 -77.149204600577 107.891879796484
38.955945964135 -77.149199271723 107.891884441935
38.955944242054 -77.149193941681 107.891889124750
38.955942522290 -77.149188610427 107.891893847716
38.955940804893 -77.149183277934 107.891898610322
38.955939089914 -77.149177944181 107.891903411854
38.955937377403 -77.149172609141 107.891908252160
38.955935667410 -77.149167272790 107.891913133531
38.955933959987 -77.149161935104 107.891918052419
38.955932255184 -77.149156596059 107.891923009341
38.955930553050 -77.149151255629 107.891928006660
38.955928853637 -77.149145913792 107.891933044544
38.955927156995 -77.149140570521 107.891938118449
38.955925463175 -77.149135225793 107.891943233408
38.955923772226 -77.149129879584 107.891948388106
38.955922084199 -77.149124531868 107.891953581583
38.955920399146 -77.149119182622 107.891958815217
38.955918717115 -77.149113831821 107.891964085581
38.955917038158 -77.149108479440 107.891969396729
38.955915362325 -77.149103125455 107.891974746299
38.955913689667 -77.149097769842 107.891980136702
38.955912020234 -77.149092412577 107.891985565789
38.955910354076 -77.149087053634 107.891991033691
38.955908691244 -77.149081692989 107.891996540094
38.955907031789 -77.149076330618 107.892002085461
38.955905375760 -77.149070966497 107.892007671186
38.955903723209 -77.149065600601 107.892013294933
38.955901424109 -77.149058130523 107.892021190541
38.955899766362 -77.149052767474 107.892026907108
38.955898103187 -77.149047407323 107.892032664694
38.955896434689 -77.149042050012 107.892038459459
38.955894760974 -77.149036695485 107.892044295790
38.955893082149 -77.149031343684 107.892050168176
38.955891398320 -77.149025994552 107.892056083175
38.955889709593 -77.149020648034 107.892062034477
38.955888016073 -77.149015304070 107.892068025353
38.955886317867 -77.149009962605 107.892074056199
38.955884615082 -77.149004623582 107.892080124982
38.955882907823 -77.148999286944 107.892086232442
38.955881196196 -77.148993952633 107.892092379400
38.955879480307 -77.148988620593 107.892098565368
38.955877760263 -77.148983290766 107.892104791657
38.955876036169 -77.148977963096 107.892111054934
38.955874308132 -77.148972637526 107.892117357781
38.955872576258 -77.148967313999 107.892123700323
38.955870840653 -77.148961992457 107.892130082534
38.955869101423 -77.148956672844 107.892136504671
38.955867358674 -77.148951355103 107.892142962754
38.955865612512 -77.148946039177 107.892149461438
38.955863863044 -77.148940725009 107.892155999358
38.955862110375 -77.148935412542 107.892162577509
38.955860354611 -77.148930101719 107.892169192554
38.955858595859 -77.148924792482 107.892175846690
38.955856834225 -77.148919484776 107.892182540819
38.955855069815 -77.148914178543 107.892189274675
38.955853302734 -77.148908873725 107.892196047633
38.955851533090 -77.148903570267 107.892202858315
38.955849760987 -77.148898268111 107.892209709401
38.955847986533 -77.148892967199 107.892216598375
38.955846209833 -77.148887667476 107.892223526451
38.955844430994 -77.148882368884 107.892230494838
38.955842650121 -77.148877071367 107.892237500424
38.955840867321 -77.148871774866 107.892244547476
38.955839082699 -77.148866479326 107.892251632001
38.955837296363 -77.148861184688 107.892258757445
38.955835508417 -77.148855890898 107.892265919704
38.955833718968 -77.148850597896 107.892273122211
38.955831928123 -77.148845305627 107.892280365031
38.955830135986 -77.148840014033 107.892287647026
38.955828342665 -77.148834723057 107.892294966336
38.955826548266 -77.148829432643 107.892302324912
38.955824752893 -77.148824142733 107.892309723735
38.955822956655 -77.148818853270 107.892317161054
38.955821159656 -77.148813564198 107.892324637718
38.955819362003 -77.148808275460 107.892332155363
38.955817563802 -77.148802986997 107.892339709318
38.955815765160 -77.148797698755 107.892347303638
38.955813966181 -77.148792410675 107.892354936619
38.955812166972 -77.148787122700 107.892362609929
38.955810367640 -77.148781834774 107.892370320902
38.955808568290 -77.148776546840 107.892378071598
38.955806769029 -77.148771258840 107.892385863431
38.955804969963 -77.148765970718 107.892393692354
38.955803171197 -77.148760682417 107.892401560488
38.955801372838 -77.148755393879 107.892409467389
38.955799574992 -77.148750105048 107.892417415360
38.955797777765 -77.148744815866 107.892425400491
38.955795981263 -77.148739526278 107.892433426983
38.955794185592 -77.148734236225 107.892441489731
38.955792390859 -77.148728945651 107.892449595780
38.955790597169 -77.148723654499 107.892457738264
38.955788804629 -77.148718362711 107.892465920043
38.955787013345 -77.148713070232 107.892474140878
38.955785223422 -77.148707777003 107.892482402196
38.955783434967 -77.148702482969 107.892490701737
38.955781648086 -77.148697188071 107.892499041611
38.955779862885 -77.148691892253 107.892507421075
38.955778079470 -77.148686595458 107.892515839084
38.955776297947 -77.148681297629 107.892524293867
38.955774518423 -77.148675998710 107.892532790865
38.955772741003 -77.148670698642 107.892541326022
38.955770965794 -77.148665397369 107.892549899803
38.955769192902 -77.148660094834 107.892558515912
38.955766048379 -77.148650729609 107.892573833889
38.955764232257 -77.148645454618 107.892582548522
38.955762386030 -77.148640198705 107.892591298656
38.955760510327 -77.148634961537 107.892600082437
38.955758605779 -77.148629742784 107.892608900637
38.955756673017 -77.148624542113 107.892617754201
38.955754712670 -77.148619359193 107.892626639713
38.955752725369 -77.148614193692 107.892635559255
38.955750711744 -77.148609045280 107.892644514940
38.955748672425 -77.148603913625 107.892653504879
38.955746608042 -77.148598798395 107.892662528695
38.955744519226 -77.148593699259 107.892671587548
38.955742406607 -77.148588615886 107.892680679036
38.955740270816 -77.148583547943 107.892689804223
38.955738112481 -77.148578495099 107.892698964272
38.955735932235 -77.148573457024 107.892708159776
38.955733730706 -77.148568433385 107.892717388747
38.955731508526 -77.148563423851 107.892726652433
38.955729266324 -77.148558428090 107.892735950731
38.955727004730 -77.148553445772 107.892745281973
38.955724724376 -77.148548476564 107.892754647527
38.955722425891 -77.148543520135 107.892764050017
38.955720109905 -77.148538576154 107.892773484775
38.955717777049 -77.148533644289 107.892782954266
38.955715427953 -77.148528724209 107.892792457962
38.955713063247 -77.148523815582 107.892801997028
38.955710683561 -77.148518918077 107.892811569446
38.955708289526 -77.148514031362 107.892821177190
38.955705881772 -77.148509155106 107.892830817905
38.955703460929 -77.148504288977 107.892840494612
38.955701027628 -77.148499432644 107.892850204900
38.955698582498 -77.148494585776 107.892859949783
38.955696126170 -77.148489748040 107.892869729844
38.955693659274 -77.148484919106 107.892879542771
38.955691182441 -77.148480098642 107.892889391031
38.955688696300 -77.148475286316 107.892899272290
38.955686201482 -77.148470481798 107.892909189125
38.955683698617 -77.148465684755 107.892919140197
38.955681188336 -77.148460894856 107.892929124901
38.955677926487 -77.148454755564 107.892942020330
38.955675339494 -77.148450030694 107.892952058389
38.955672705541 -77.148445346687 107.892962109806
38.955670025093 -77.148440704455 107.892972176490
38.955667298615 -77.148436104911 107.892982252406
38.955664526572 -77.148431548967 107.892992338470
38.955661709427 -77.148427037533 107.893002430764
38.955658847646 -77.148422571523 107.893012530962
38.955655941693 -77.148418151847 107.893022632488
38.955652992032 -77.148413779418 107.893032735096
38.955649999129 -77.148409455148 107.893042838610
38.955646963448 -77.148405179949 107.893052939798
38.955643885453 -77.148400954732 107.893063035872
38.955640765610 -77.148396780409 107.893073123870
38.955637604381 -77.148392657893 107.893083205232
38.955634402233 -77.148388588094 107.893093275753
38.955631159630 -77.148384571925 107.893103333562
38.955627877036 -77.148380610299 107.893113377786
38.955624554916 -77.148376704125 107.893123405367
38.955621193734 -77.148372854318 107.893133413611
38.955617793956 -77.148369061788 107.893143402433
38.955614356045 -77.148365327447 107.893153367562
38.955610880466 -77.148361652207 107.893163309339
38.955607367684 -77.148358036980 107.893173223340
38.955603818164 -77.148354482678 107.893183107888
38.955600232369 -77.148350990213 107.893192961583
38.955596610765 -77.148347560496 107.893202782310
38.955592953816 -77.148344194440 107.893212568880
38.955589261987 -77.148340892956 107.893222318639
38.955585535742 -77.148337656957 107.893232026840
38.955581775545 -77.148334487353 107.893241695632
38.955577981863 -77.148331385058 107.893251319665
38.955574155158 -77.148328350982 107.893260897954
38.955570295896 -77.148325386038 107.893270428890
38.955566404541 -77.148322491137 107.893279908449
38.955562481557 -77.148319667192 107.893289336423
38.955558527411 -77.148316915114 107.893298711726
38.955554542564 -77.148314235815 107.893308030144
38.955550527484 -77.148311630207 107.893317287805
38.955546482633 -77.148309099202 107.893326485959
38.955542408478 -77.148306643712 107.893335621609
38.955536579170 -77.148303276430 107.893348497789
38.955532451387 -77.148300969813 107.893357521747
38.955528306284 -77.148298714890 107.893366510156
38.955524144448 -77.148296511064 107.893375468662
38.955519966468 -77.148294357737 107.893384390943
38.955515772932 -77.148292254310 107.893393283525
38.955511564428 -77.148290200187 107.893402142515
38.955507341544 -77.148288194769 107.893410968813
38.955503104868 -77.148286237458 107.893419764971
38.955498854989 -77.148284327657 107.893428528471
38.955491477637 -77.148281139694 107.893443602509
38.955487187230 -77.148279364730 107.893452278582
38.955482880732 -77.148277641072 107.893460918735
38.955478558661 -77.148275968552 107.893469524598
38.955474221535 -77.148274347000 107.893478096478
38.955469869873 -77.148272776245 107.893486632192
38.955465504194 -77.148271256120 107.893495133247
38.955461125016 -77.148269786455 107.893503598593
38.955456732857 -77.148268367080 107.893512028315
38.955452328237 -77.148266997825 107.893520421008
38.955447911673 -77.148265678523 107.893528776975
38.955443483685 -77.148264409002 107.893537096907
38.955439044791 -77.148263189093 107.893545377814
38.955434595509 -77.148262018628 107.893553621782
38.955430136358 -77.148260897437 107.893561828740
38.955425667856 -77.148259825350 107.893569996443
38.955421190523 -77.148258802198 107.893578126527
38.955416704877 -77.148257827812 107.893586216932
38.955412211435 -77.148256902022 107.893594267589
38.955407710718 -77.148256024659 107.893602279486
38.955403203243 -77.148255195553 107.893610252150
38.955398689529 -77.148254414535 107.893618183074
38.955394170095 -77.148253681435 107.893626071033
38.955389645458 -77.148252996085 107.893633920644
38.955385116138 -77.148252358315 107.893641728104
38.955380582654 -77.148251767955 107.893649493058
38.955376045523 -77.148251224836 107.893657213972
38.955371505264 -77.148250728788 107.893664892950
38.955366962397 -77.148250279643 107.893672530314
38.955362417439 -77.148249877231 107.893680121683
38.955357870908 -77.148249521381 107.893687667975
38.955353323325 -77.148249211926 107.893695170842
38.955348775206 -77.148248948695 107.893702628025
38.955344227072 -77.148248731520 107.893710037533
38.955339679439 -77.148248560230 107.893717401836
38.955335132827 -77.148248434657 107.893724718162
38.955330587755 -77.148248354630 107.893731988915
38.955326044741 -77.148248319981 107.893739209276
38.955321504303 -77.148248330540 107.893746381361
38.955316966960 -77.148248386138 107.893753506683
38.955312433231 -77.148248486605 107.893760579661
38.955307903634 -77.148248631772 107.893767603160
38.955303378687 -77.148248821470 107.893774575562
38.955298858910 -77.148249055528 107.893781494429
38.955294344821 -77.148249333779 107.893788363242
38.955289836939 -77.148249656051 107.893795177053
38.955285335781 -77.148250022177 107.893801937194
38.955285335781 -77.148250022177 107.893801937194
38.955277286513 -77.148250734029 107.893814019309
38.955272772265 -77.148251064497 107.893820979926
38.955268244260 -77.148251333481 107.893828118541
38.955263703523 -77.148251540848 107.893835431542
38.955259151076 -77.148251686462 107.893842920394
38.955254587941 -77.148251770188 107.893850585478
38.955250015142 -77.148251791889 107.893858422089
38.955245433700 -77.148251751431 107.893866430070
38.955240844640 -77.148251648679 107.893874607397
38.955236248983 -77.148251483497 107.893882956950
38.955231647753 -77.148251255749 107.893891470431
38.955227041971 -77.148250965301 107.893900151289
38.955222432662 -77.148250612016 107.893908997873
38.955217820847 -77.148250195761 107.893918007870
38.955213207550 -77.148249716399 107.893927177483
38.955208593792 -77.148249173794 107.893936511686
38.955203980598 -77.148248567812 107.893946004002
38.955199368989 -77.148247898318 107.893955653077
38.955194759989 -77.148247165175 107.893965458211
38.955190154620 -77.148246368249 107.893975417799
38.955185553905 -77.148245507404 107.893985530788
38.955180958867 -77.148244582504 107.893995795090
38.955176370528 -77.148243593416 107.894006208533
38.955171789911 -77.148242540002 107.894016771994
38.955167218040 -77.148241422128 107.894027482268
38.955162655936 -77.148240239658 107.894038335402
38.955158104623 -77.148238992458 107.894049333458
38.955153565122 -77.148237680391 107.894060472707
38.955149038458 -77.148236303322 107.894071752335
38.955144525653 -77.148234861117 107.894083168776
38.955140027729 -77.148233353639 107.894094721699
38.955135545710 -77.148231780753 107.894106410008
38.955131080617 -77.148230142324 107.894118231818
38.955126633474 -77.148228438216 107.894130182913
38.955122205304 -77.148226668295 107.894142263030
38.955117797129 -77.148224832425 107.894154471301
38.955113409973 -77.148222930470 107.894166805095
38.955109044857 -77.148220962295 107.894179262180
38.955104702804 -77.148218927765 107.894191840172
38.955100384838 -77.148216826744 107.894204539623
38.955096091981 -77.148214659098 107.894217355869
38.955091825256 -77.148212424690 107.894230287141
38.955087585686 -77.148210123385 107.894243333450
38.955083374292 -77.148207755049 107.894256490511
38.955079192099 -77.148205319544 107.894269759357
38.955075040129 -77.148202816738 107.894283136068
38.955070919404 -77.148200246493 107.894296615845
38.955066830948 -77.148197608674 107.894310202927
38.955062775783 -77.148194903147 107.894323890900
38.955058754932 -77.148192129775 107.894337678929
38.955054769417 -77.148189288424 107.894351563861
38.955050820262 -77.148186378959 107.894365545805
38.955046908489 -77.148183401242 107.894379620996
38.955043035121 -77.148180355140 107.894393787997
38.955039201180 -77.148177240518 107.894408045285
38.955035407690 -77.148174057238 107.894422388341
38.955031655673 -77.148170805167 107.894436820209
38.955027946152 -77.148167484169 107.894451333250
38.955024280150 -77.148164094109 107.894465930142
38.955020658689 -77.148160634851 107.894480604222
38.955017082792 -77.148157106259 107.894495356740
38.955013553482 -77.148153508199 107.894510185237
38.955010071782 -77.148149840535 107.894525085665
38.955006638714 -77.148146103132 107.894540058822
38.955003255301 -77.148142295854 107.894555099750
38.954999922566 -77.148138418566 107.894570208547
38.954996641532 -77.148134471133 107.894585382889
38.954993413222 -77.148130453419 107.894600620005
38.954990238657 -77.148126365289 107.894615918017
38.954990238657 -77.148126365289 107.894615918017
38.954898712191 -77.148990990154 107.893525664732
38.954898899218 -77.148985226481 107.893530986016
38.954899109964 -77.148979463774 107.893536288743
38.954899344318 -77.148973702152 107.893541568846
38.954899602167 -77.148967941736 107.893546834491
38.954899883397 -77.148962182645 107.893552079775
38.954900187898 -77.148956425000 107.893557307961
38.954900515557 -77.148950668921 107.893562517467
38.954900866260 -77.148944914528 107.893567706944
38.954901239897 -77.148939161941 107.893572883345
38.954901636355 -77.148933411279 107.893578037038
38.954902055521 -77.148927662664 107.893583176952
38.954902497283 -77.148921916214 107.893588296088
38.954902961528 -77.148916172051 107.893593400834
38.954903448145 -77.148910430293 107.893598488358
38.954903957021 -77.148904691062 107.893603557959
38.954904488044 -77.148898954477 107.893608610377
38.954905041101 -77.148893220658 107.893613646855
38.954905616080 -77.148887489725 107.893618666756
38.954906212868 -77.148881761798 107.893623670126
38.954906831354 -77.148876036998 107.893628657788
38.954907471425 -77.148870315444 107.893633629159
38.954908132969 -77.148864597256 107.893638585621
38.954908815873 -77.148858882555 107.893643526582
38.954909520025 -77.148853171460 107.893648449070
38.954910245313 -77.148847464092 107.893653359268
38.954910991624 -77.148841760570 107.893658253721
38.954911758845 -77.148836061015 107.893663130763
38.954912546866 -77.148830365546 107.893667994852
38.954913355573 -77.148824674285 107.893672843863
38.954914184854 -77.148818987349 107.893677678341
38.954915034596 -77.148813304861 107.893682496909
38.954915904688 -77.148807626939 107.893687302274
38.954916795017 -77.148801953704 107.893692092840
38.954917705470 -77.148796285276 107.893696868656
38.954918635936 -77.148790621775 107.893701630910
38.954919586301 -77.148784963321 107.893706380096
38.954920556455 -77.148779310034 107.893711114107
38.954921546283 -77.148773662033 107.893715834412
38.954922555675 -77.148768019440 107.893720541303
38.954923584517 -77.148762382374 107.893725234666
38.954924632697 -77.148756750955 107.893729916604
38.954925700104 -77.148751125303 107.893734583362
38.954926786624 -77.148745505539 107.893739238086
38.954927892145 -77.148739891781 107.893743878029
38.954929016555 -77.148734284151 107.893748505783
38.954930159742 -77.148728682769 107.893753120469
38.954931321593 -77.148723087753 107.893757722921
38.954932501996 -77.148717499226 107.893762314741
38.954933700839 -77.148711917305 107.893766892759
38.954934918008 -77.148706342112 107.893771456071
38.954936153393 -77.148700773767 107.893776010867
38.954937406881 -77.148695212389 107.893780550962
38.954938678358 -77.148689658099 107.893785079451
38.954939967714 -77.148684111017 107.893789596135
38.954941274835 -77.148678571262 107.893794099912
38.954942599610 -77.148673038955 107.893798595151
38.954943941925 -77.148667514216 107.893803076082
38.954945301669 -77.148661997164 107.893807546348
38.954946678729 -77.148656487921 107.893812003229
38.954948072993 -77.148650986605 107.893816450294
38.954949484349 -77.148645493338 107.893820885692
38.954950912684 -77.148640008238 107.893825310558
38.954952357886 -77.148634531426 107.893829721616
38.954953819843 -77.148629063023 107.893834123594
38.954955298441 -77.148623603148 107.893838514425
38.954956793570 -77.148618151921 107.893842891951
38.954958305116 -77.148612709462 107.893847260861
38.954959832968 -77.148607275891 107.893851619971
38.954961377012 -77.148601851328 107.893855966613
38.954962937137 -77.148596435894 107.893860300111
38.954964513230 -77.148591029709 107.893864627120
38.954966105179 -77.148585632892 107.893868939232
38.954967828497 -77.148579929647 107.893873449346
38.954969502876 -77.148574577442 107.893877591283
38.954971218792 -77.148569247384 107.893881642850
38.954972970089 -77.148563936147 107.893885627312
38.954974750612 -77.148558640407 107.893889561667
38.954976554207 -77.148553356839 107.893893463068
38.954978374718 -77.148548082119 107.893897352680
38.954980205990 -77.148542812922 107.893901250547
38.954982041868 -77.148537545923 107.893905172362
38.954983876196 -77.148532277797 107.893909139273
38.954985702821 -77.148527005221 107.893913167982
38.954987515586 -77.148521724868 107.893917279227
38.954989308337 -77.148516433416 107.893921493628
38.954992455014 -77.148507071440 107.893929098775
38.954994302548 -77.148501815449 107.893933244157
38.954996208457 -77.148496596309 107.893937238442
38.954998172102 -77.148491414623 107.893941086196
38.955000192845 -77.148486270996 107.893944783519
38.955002270046 -77.148481166032 107.893948337034
38.955004403068 -77.148476100335 107.893951741646
38.955006591272 -77.148471074510 107.893954998361
38.955008834018 -77.148466089161 107.893958111711
38.955011130668 -77.148461144892 107.893961079323
38.955013480583 -77.148456242308 107.893963898837
38.955015883126 -77.148451382012 107.893966576923
38.955018337656 -77.148446564610 107.893969110109
38.955020843535 -77.148441790705 107.893971496462
38.955023400125 -77.148437060902 107.893973741488
38.955026006786 -77.148432375804 107.893975842537
38.955028662880 -77.148427736017 107.893977801772
38.955031367769 -77.148423142144 107.893979619582
38.955034120813 -77.148418594790 107.893981291707
38.955036921375 -77.148414094559 107.893982824394
38.955039768814 -77.148409642056 107.893984216123
38.955042662493 -77.148405237884 107.893985465402
38.955045601772 -77.148400882648 107.893986575558
38.955048586013 -77.148396576952 107.893987545374
38.955051614578 -77.148392321401 107.893988374301
38.955054686827 -77.148388116598 107.893989064003
38.955057802122 -77.148383963149 107.893989614947
38.955060959824 -77.148379861657 107.893990026166
38.955064159295 -77.148375812726 107.893990299603
38.955067399895 -77.148371816962 107.893990434492
38.955070680986 -77.148367874968 107.893990432451
38.955074001929 -77.148363987348 107.893990291549
38.955077362086 -77.148360154707 107.893990013117
38.955080760818 -77.148356377650 107.893989599241
38.955084197485 -77.148352656779 107.893989047315
38.955087671450 -77.148348992701 107.893988358020
38.955091182074 -77.148345386018 107.893987535686
38.955094728717 -77.148341837336 107.893986574152
38.955098310742 -77.148338347258 107.893985476535
38.955101927509 -77.148334916389 107.893984246282
38.955105578380 -77.148331545334 107.893982878751
38.955109262716 -77.148328234695 107.893981374527
38.955112979878 -77.148324985079 107.893979739238
38.955116729228 -77.148321797088 107.893977966273
38.955120510127 -77.148318671328 107.893976059628
38.955124321935 -77.148315608403 107.893974018535
38.955128164016 -77.148312608917 107.893971843955
38.955132035729 -77.148309673473 107.893969535387
38.955135936436 -77.148306802678 107.893967091966
38.955139865498 -77.148303997134 107.893964515109
38.955143822277 -77.148301257446 107.893961805104
38.955147806133 -77.148298584219 107.893958959795
38.955151816429 -77.148295978057 107.893955984462
38.955155852525 -77.148293439563 107.893952873792
38.955159913783 -77.148290969343 107.893949631256
38.955163999563 -77.148288568001 107.893946254631
38.955168109228 -77.148286236140 107.893942745733
38.955172242138 -77.148283974366 107.893939104084
38.955176397656 -77.148281783282 107.893935330628
38.955180575141 -77.148279663493 107.893931423420
38.955184773955 -77.148277615604 107.893927383793
38.955188993461 -77.148275640217 107.893923212329
38.955193233018 -77.148273737939 107.893918908466
38.955197491988 -77.148271909372 107.893914470102
38.955201769733 -77.148270155122 107.893909900836
38.955206065613 -77.148268475793 107.893905200630
38.955210378991 -77.148266871989 107.893900366941
38.955214709227 -77.148265344313 107.893895401349
38.955219055682 -77.148263893372 107.893890302357
38.955223417718 -77.148262519768 107.893885073713
38.955227794697 -77.148261224107 107.893879712011
38.955232185978 -77.148260006992 107.893874218160
38.955236590925 -77.148258869028 107.893868593137
38.955241008897 -77.148257810819 107.893862835780
38.955245439257 -77.148256832969 107.893856946098
38.955249881365 -77.148255936083 107.893850924142
38.955254334583 -77.148255120765 107.893844769444
38.955258798272 -77.148254387620 107.893838484359
38.955263271793 -77.148253737251 107.893832066111
